Canon 5114441141,Τ411911111444418481016011. .,

’ ι Sinus ‚Tangens Secans

*m- ¹

9 17414141111477 17414111711116416 199011444’9749141.14 6ο
1 4774.9499914.46 4774460 9699011496 400049474 9699946419 99
1 414944 99911471 11414791144111467 1999164161141011441 11

,Ι-ιιι-ι--ιιι- *ν--Ιὴι--1--ι-κιι

4 4144449 9991944 41444101416119494 1000114791417946411 17
4 116449 99914467 11614901170191479 400047. 997471964 94
9 4194411 4991444 ¹⁸⁹¹·00 1111114111 10901711 1119116417 11

nnn-...uuu— ...μ--ιυ-...ι--ι-...ιι--ι-

6 4919Ξ4 99914417 4944441101467441 1044441449 9409047411 14
7 19414199911491 1949440114019466 4001111499 91944901] 99
'⁸ 197749199910444 497149010141099 40401996 9419919969 91

--n--t——a *Qu-„m-

9 nouo& 99979416 zoom 4911974.64 4141040444 4914976.49 91
41 174 7717 17144 41111 11111 7411111

--ι--Ι-*αι--μ--ι-ι--ι-ιιυι

14 44494444 99971406 nomo 477 99014 1044041494 4774997411 41 ¹

44 4441494 999771 mmo 4741144114 1419011499 4709196491 47
14 4194.419997644 4194914644186440 100019417 4649911199 46

Πρ--η--η--οι--η--ιι

11 1411449 99976410 4111444 4914999414 4140049410 4914414999 49
44 444017 99971416 4441144944444447 19091444 4111719449 44
17 4199469 99974491 11404414469199496 1991111409 4464977911 41

ff 106ῑῖ4 11174411 11613 4406411441 1999114714497741414 41
19 449714 99971499 4491444 49014446 1909464414111961411 41
22 ,191699 99971491 4417494 4496409471 1991117491 4197171494 ⁴0

’.1- -1-1- ⁶¹²⁸—— “““-- ““
⁸¹ ²3⁵5·⁹⁸ 19971111 11164114141146441 19991706 4144114414 11
²2 2385006 99971111 1319.744191976.99 1000114494191771468 38
⁸3 1414414 99970481 441914 44999196 1004149449 4144166400 47
14 144111199970114 'HJ-093 449917ἱ1416 1091119416 4091964499 36
11 1471449 19169441 1479401 40499 979 10001091494414449 35
16 110141171161411 1101416141614691 1999114191117716414 44

1- -ι--Ἄ ιιιι--ι--ι- *Nun-utun·—

17 1119446 91167491 11114171119111446 1999114114 1111114411 99

11 11141411167414 1110914944677444 190114771116147491 44
49 49164 99966149 491941461774411 1110041411 1161991444 3¹

-fflm -0--1— m*-

30 1617419 19161471 1611499 9141149494 1999944114119199400 30
ἰ ’16461779996496 2⁶⁴7070 9776161150 1001111401 vnum! 89
11 1671131 99964419 46764119791719417 4011449414 mmm 2!

Πῌ--ι--ιι- ..ψη-*-

11 170441111114441 noma 4144144444 44444440 44994444 ²7
14 171449119964464 4711404 9696469494 4004474491117641441 44 ’
11 116149919111111 1764414 4647799464 10019149 ,464944449 ²5

*κῃ- m———n-

36 4794416 99961401 4794.49991οο99.99 100049οο 4111411461 44
11 41117977 91117717 17111 111114 :z

Π *ῃω--ιι- *tt—...ffi—

99 117149 99911411 1110499 9471944490 4090414411471911410 44
⁴⁰ 4119911169 11911791416777401 199941411441111164 ιο
41 191741199916414 4991414 9404790449 100049417 4411419999 ¹9 .

Π m—F'uun—-u *mm ιιι

41 1166411 11111411 11174011161110414 1999444011479114414 41
41 1111470 11111411 11174911116611441 19994419 1141117464 47
44 401447111114414 444141 9944411717 19994171 1196914144 44

umam-...nm -ηι-υσ--μ-

41 sas-⁸5 11111446 4449441147101447 44444417147411944 44
46 1 1411 41111447 4914111141111446 1994147416 1141671411 14
47 9411400 99991497 94194919411109411 1004141446 9143361446 19

ssffifflffiffiffimss

41 1170411 ma 11714741111111416 1999194191 1114414464 ιι
90 imm 1 9400416 914419967 100091414 4111717470 ιο

ῐῖ {fisso 4444Γ.44 ῐΐ44Τ4ῑ ‚awo 7444744 444 2307„
11 11171711146414 119191961119479 Ι999114911961111411 1
E 911339994999 Q 9044191404 190914014041104.69 2

14 111141111141491 1447414191 411 19991149· 1916119419 6
11 1144114114406 11464441 111414 19991111 1411191461 1
16 11746611141401 11714111111441-11 199911416111417411 4

’‘mm-*m*-

17 149147191941499 1404171 1917119411 1991117491 1931111144 ⁴3
11 1411411 11141491 1444414111111047 19991144 1114114611 ι

--mun-*fflm-—n-t-

29 1460111 99949· 146199 411970111 199919941119499414 1
9 141111 1911144 4411911161611411 199919411116147014 0

941

m

 

