07496δί9949, Τ493994ῐ4444464399144644444 .

9949494419746494. 69916496 44444499 446664444194164449 69
4 949447419999474 69449466 9449414ῧ4 446619474194966.46 ,Β
9499946714616479 69469447 46649144 446794446199974464 5

’4 ’944714914674474 60444499 4161499444 14 414449Ι 19917119 97
, 4 44 4441444674 60 4444 41493941 14 744444 19771947 46
4494444 4494474 6444449 41419497 44171444 49419176 44

4 9444ἓ49914444474 19449416 4447744194 167ξὲ94 19749644 44
= 51⁶5 4414641461. 60414444 41411191 11 4919449414 44
· 91793. 15 19996464 69499443 469994499 446147494199441419 94

Ι44 4444449419944449 &nrm 41444949 1411147444 1447441476 44
0 unu? 14466499 664 4466 16499669 1461161449 499449474 99
44 947974 4 19994449 69944449 4494414914 416141467199194499 49

, 16. ΜΟ 16616466 m 161119463 1169119116 ’1930411111 61
14 9469749819944439 60601494169011446 1169119466 1949447446 47
fl 9419444619996447 Q 1649014114 1164111441 1911144440 ff}

49, ’94177449 69494441, 69614449 1647944 119974444 ,99749444 44
16 4494444 49 19476499, 69744499 1446164 116944471 4946794449 44
47 4494749419469499 60761411 16447694· 1171111441 1171477414 41

41 ’94944494 19449411 69199491164471411 1171175414 1411411170 ⁴²
19 ,944441449974 99444449 41446991 4479474141 49449966 41
49 9499446419449464 60160167164111476 1171174417 1911111171 4⁰

³ffifflffifflfflffiz
»23 3:355} 414116 111111 1413111 4111919 179199 {3

44 4449944614444441 61040411 16411640 117147464 49194949, 41
49 9444947919999494 64919449 4647494494 11717144 49414464 49
46 94494464 69344479 64449444 4696444ιὸ 11719944

. ’ 39 ’944494161946ῒοι 64419491464419447 4471414477 14911499 99
91 41479111414411 61411411 1644471417ι 117444469191197449 ,49
944994491944946ο 64469444 mmm] 11741461 14140699 41

Π-ι--μῂή-ηὴ--Ψῌ-ι-...ῌμ-

9494444ἒ9441491 64499441464169497 117149497 49414699 ⁴
44 §tm-03 9499446 64449444 46479947 1174146444 1410194 91 16 ,
35 4447944414417499 61419444 46414466 1174171441 1114934444

‘ffimfflffifflma
{5 114114494444444441 4949444449 ,4

41 4476947914944411 6444441 1611969466 117741166 1611101419 2·
mmmmmmw

wwmwwwff
’96 44894666 66666666 66646646 6664666696 1176464646 1616160466 6Ι

·ιιιι---ι--ιῢ-ιι-ιι..ηψπ-11η...-----ι-ι--·-ιι---ιιιιιι.ιι·ι

57' ,11917491114141404 61464446 44444969 117144461444474439
41 ,44941411419444 64499447 4494494444 4494744944 44444444

16 111611614111441 1’64446449160147404 117146441111794449 ¹¹!
60..411,11144414104461 ,61416494169999449 4179474144 [11799499 '⁷⁵⁰3

4.· , ¹²3, ι J ¹585.

*qn—nn·-

 

