Ι

Canon Sin1111m,Tangentium 81891111ῑί011.

3 Sinus Tangens Secans Ι

0 1111160 99861191 11401781908111167 100117119’1910711116 60
1 1161164 99861141 94691911 111116 10011896 19008940 19
² 119169 99819189 1199111 18 7106180 1001401911 1889714110 111

-6 ..ᾕρει- ...anum-hum...

³ 114017499111141 11111111176771119 1011141111 1179111161 ¹7
4 mwommo Qm6mssm¹¹wwvsswnm w
1 11788199811114 1161611816447114 100144.981819118.71 11

6 1107114 99111167 11111111116417109 1011116111 1149111101 11
¹mffiwmwmfflffimae

9 14911014 99848191 Ι1,.111-1-11-1.1817080167 10011111111819810116 11
:⁰ Ι1114106 99847191 1111111 1807497.74 100111191 1810161188 10
mmonmwmmm¹wmwwmnw

¹⁸ 118111199841108 11901871788611104 100116117171414119 48
¹³ 1611119 99841141 16101011779144117 1110117110 171111198 47
{2 1640114 99840181 1649111 1770111194 1001191441771971111 4-6

ffl————,—q m*-

¹5 1669118 99819116 16781411761011.98 1001611091761891180 41 “

¹⁶ 169811199817111 17071191711011.11 1001611711714901101 44
Β1ω99989ωᾙω901οωυωω99

17 6110 99111111 17611961711111116 1111611101711196101 ⁴²
141144999ἑῖἒῖ 191911 1711180191 100167178 4748476112 2²
11414 991 1 414171691119 10016947 791111

.1--ιι-“·ιι--αιι-ιι--.,,,,.....,-.,..Ι *ιιι-.-

184111199819111 1811111170817118 10017111 1711196164 3⁹

ffl—*ss Η

1871116 99817141 1881171 1699891174 10017118 8708884146 38
190116099811.70 19111901691101111 100174160169441119 8-7,

——q-—u--m -ι--ιι-

191014199111191 19111041611191141 1110176111 1616119111 3⁶
1919167 99111111 1971111 1674911144 1111711117 1677941111 11
1988171199810111 199914 1666811110 100179181166986111 6-6,

m-m--m Μ--ι

84 601717199818176 60181671618719161 1001811161661711111 86
{mwfflmwmmmmfflz

³0 M 99811111 M ¹⁶3⁴9⁸5·55 ¹00·¹¹·¹7 1618149181 ³⁰
11 6111189 99811170 6141146 1617117144 1001881661616187168 ²⁹
³¹ 616119199809191 6174661619911111 ¹0⁰¹9004⁶ ¹⁶¹²606093 11

η-ι--Ἀ-α--ιι *mm

33 6191196 99808111 6101186161189179 1110191116 1614998174 ²7
14 6110199 99806110 611110616044.ι9 100194107 1667461170 ²⁶
35 6110101 99804149 6161116 1196 66174 Ἰ1110191189 1199994181 2

86 687868 99801167 W 1189411118 1001117171 111197111 ²⁴
37 6108168 99800184 61401671181110111 100199116111167164 ²3
18 611711199799100 61491881171811171 1001011411178001141 {2

881 6166184 ff 617910-61167611111 1001011161170809161 ²¹
40 6191117 99791119 6401191160478141 1001011141161679117 ²0
41 6414110 99791141 64171101111198106 1011106199 1116611148 2

88 6418688 99711161 W 1146181141 100108187 1149611119 18
41 6481116 9979168 64911911119417160 1001101761141671111 17
44 6111119 99787179 61111111131111180 1001111661111794190 ff

zzffifflffiffl ἷὲἒέῖ1ῖ1ῐιῑῐ1ῑῖὶι1

46 6161114 9978919 61811161118914190 1001161491111119111 14
47 6198116 99781106 66111781111114110 1001181411111116191 ¹3

--nn——fl———a——hffl--ff———n

· 18 661749 99780114 66411991101171117 10011011 1108889161 11

49 66164199778111 66711111498978116 10011111 1101110116 11

11 6714146 99774111 6714161 1481961114 100116ζ191489111118 9
¹2 6744148 99771136 671117147911711 1001181161481911177 8 η
11 677111199770149 67881091471167187 1001401111476118101 7

*ι--ῇ--ι--η--μ--μ-

14 680111199768141 68171111466811191 1001311111470117161 6
11 68101199766144 68461141460191161 1001141101464010190 1
11 4119117 9976111 61111771111111111 1001161101111117111 4

'‘d-*mmm-

17 6888119 99761141 69041991448117111 1001181111411676171 ³
18 6917161Ι 99760144 69141111441111197 1001401111411181191 j

-“““-“ u--a—-nu- ιιι--μι-ι-ιι-

ἒζ ῗ946161 99718141 6964141 1116069161 1001418161419147111 ¹
97116199716140 6991181110066161 1001441191411111170 0

”**“*Y***ss¹

mm

 

