ἱ · 010008104004,1404446409844401141114.

· 2⁰9 Sinus ΙΙ Tangens 1 Secans Ι

⁴ 480196 8446414 44440190 4804444148 44444444 40644444 40
8406140 8744716 41468144180484108 414444184 406448146 49
844118187444171 44406198 480444141 114474144 4060441194 48

4447114 87414164 444 410 18004408 114440174 404441144 57

41117017404140 144411 174410177 11440411 104144110 46 1
1918317441146 44614114 174714144 11441717 10441644 55

6 41644144 17477111 14644114 1791114144 114 449010409141 44
,1, 111111 14181 111111 111114 141114 1111111 44

9 48709177 87338178 11773164 479496146 444404196 404494164 44
80 48731187 87340148 11881179 479173164 114440144 4044901641 40
2 4846014417406140 44814144 449044144 444449144 4414049144 44

11 414841νέ 84141111 41899111448941194 444444146 404976141 48
{i 8881188888 1114111181 88188 881ἓὶ8 81
- 1....- *******

¹5 41164144 84449169 46004169 448464144 444649140 404644140 44
1 414414 144441 Ι13441441 4144414411 1

---.-....1...-.-.-,,---Ει-ιιι--”··Ι

44 4414114414406194 46117148 4441971414 11466444804444116 ⁴²
19 4846116184141164 46144164148046144 444688144 404144140 41
,80 48988497 87878144 16893198177414144 4414704146 104144144 4-0

²¹ 4108118867866181 10818189 177844104 4147141104 1414014194 44
11 44014168 87144144 46140148174444107 114444149 1044411149 4
81 49161103 87144166 16108179 444494148 444764148 403844144 47

84 49090197 87181148 46147110 474444141 444484139 8037684194 46
44 49414174 84404110 46484144 444440146 444804141 1046011184 44
‚ 46 49444104 84094184 4644417

87 49866138 87078141 46461114 444409189 4448481914 404994100 49
18 4919117187064180 1610011017698914 44484414410448614 44-
84 44114104 17044114, 46441114 444 49144 44444414410414414 41

30 498 8136 87031117 16177188176749140 414894144 404044140 40
38 49 7167 87011184 16684168 446649140 4449441144 404944186 19
94 49494198 84006190 46644110 446409144 444944.44404868169 48

31 49388189 86198116 1669811 1764901147 144944144 404464149 47
34 49183119 86978188 1671019 1764410144 444944144 4046430146 86
{5- 49968189 86963181 16769144 446144114 144990144404446140 44

,46 4449414 46944144 49907194146444, ¹¹5⁰09030‘20245u97 ⁸⁴ .
41 4414114444 4114444444 4441411444 1

898, 49470101· 86906191 16989119 871674170 114066138 861444144 ἦ
40 49191193 86891196 16968191 1744441914 444084144 404099149 40
41 49440160 86847146 47000144144444144 444104144 404946144 49

41 44444187 86864114 47048194 4444148166 144449164404849141 48
41 49178183 86848171 ’17077111871100184 114141174 404440144 44
44 49496149 86844141 44116114 444084194 444464184 404644146 46

44 ,44644164 86819188 44144171 174963171 444480199 4444444194 44
4614464614016804114 4714414114414411 1141041141 10140114 14
44 49674114 86494100 4444419144441416 444449194404440104 14

88 ff 86776888 1878-7ῖ88878609184 811838111808887179 88
44· 44411164 86761104 47404111174441114 114144141101114164 11
40· 4474411716744161 47444184174444144 114146144101014161 10

41 i 44474140 1674114 47416144 444144104 44444144 11141 3
‚ , 5² Ι 49498144 8644166 44444146 444149169 444344144 4 1
44 44111144 86704117 47464184174011144 114444170 10070888 7

44 4414117716614167 47401144174404144 111444144101606174 6
55 44144144 86674117 47441116174411144 114474114 1004111141 4
46Ι 49899180 86660166 47474199174674144 4444941444 4440404104 4

48664644 4444414 17444061 40411141 1011401184 4
486641164 4464414 1444448104 4444411ςο Ἰ8110101177 0,

49 8947418186617108Ι 44696144 44394449 444440164 4001044184 4
60 414000114086604144Ι ·57735·03 44940410 44414444104400000100υ 0

14 . 860

177140114 414810104 1044444114 44

ᾗῆ--ὓ--Π

 

