Canon Sinuum, Tangentium & secantium.

91 6114414’·11 Tangens Ι Secans ¹

0 11411111 11761114 14141144 64147914 161146141649141141 66
1 444791191764114 14661116 649466166 194144116 64697947 49
1 ’1471917141749171 44191161614666111 16111916 6469114194 41
’ἶ 14714164 41744414 14917191617111161 161166144 64471176 ᾗ
4 11711146 96749147 11947174 61664944 19416917 64416966 5⁶
4 14717191 96744196 44967117 611461166 1011169196 613419111 11
.- ..m -ι--ιιι -ῆ-ι-ι- *¹¹*— Ὴ-ι- *Ωιι-ι.. 4-4

4 1411411191741141 16617146 4111116416 161174167641171114 41
4 4144441914 4414911444 4444444 444111 {z

9 1499119796717144 46496191619641196 191166166 61661994 4-1 ’
19 44949169 96741191 4644677 61979979 19419416161771914 ,19
11 44949146 91716117 46166161616446167 49419947 61641914 ⁴⁹

61 1191111196711161 1619647 617446164 19149914 61446444 ᾗ
14 4691614 96708197 46116141616111171 494497191 6141411111 47
14 16944144 96704191 16116117 614149161 19141971 61444994 ⁴⁶

-ὴι ..ιιι- *¹— ¹¹¹— ”-“-““ m-—n— —=-·-. ιιι·
¹5 mmm 96699164 ’46166194 61491994 194417141611441174 44
14 1411177 91694196 16414119611191114 161411141611664146 44
¹7 4444947 96699117 4644976 64177944 194417111619696144 44
- ἡ ἡ ὴ *a *ΠΝ-ιι.- Q*- —

49 ,414434 96661117 1647964 64966969 494444194 641797114 41
¹9 ,41444991619166 46494149 69944974 49444677 64779694 41
20 ,4,,7,7919676.44 4644947 69644964 19144964 616696174 46

141144191671144 16464114667449179 16141616 61411711 ς’
¹6²75·²0 96666179 1649914 69614967 4944494161444969 ,6
44499911 96664196 46414194 69414944 19144619 6¹3350028 37

—Qm—*Q—,Q-

‚mmo 96647114 1644469 69494994 49146997 64117944 46 ’
44441,1491641146 1646976691961147 19146994 641191161 44
1441999 96647479 46614167 691677171 19447964 61941941) 44
1 16641146 60679676 1614741746 1119 66

1611 16674146 49971947 16141616461474.44 41

4. 14711174 44161914 16141947 41474119 41

--·----μ--..,-ᾕ,-.-.-’

4ο· 1641976 96616146 16714116497476144 19149914969416919 49
44 16444144 96014171 16764146196110141 101391144 6646414144 1
3² 14441619161194 1674167414441114 16111649 69471911 2

-Νιιιιι-

66 1619916196614111 16111191194189111 101414191694741111 ’1-7
44 16614144 91609419 16644169 4944 4144 49441914169179979 16
44 4664119 96694441 1666416119114111 1944141411 69916964 14

{⁶⁸ 146764791119166 1641974 4911441466161416119 41969171 :J
17 14794.1441491171 1411114 49614941 16141919 49166914 14
41 1671411411419111 4647414 41914914 1111146119 4117477177 11

'¹¹¹- --—- -ι-ιι- -fi—-n ⁵⁸—- -11

suu-¹¹⁸·-

39 14744,9496464191 17494141466119166 1014311311 1901114414 ²²
49 ,16794149 9119114 17644144 4176111141 1111110111 1111111111 ²⁰ ’
41’·’166’16116 9171114 17964147 466949141 461441111194110196 19

.- ——u—- -1-11· ——u- wau—- -ι-ι-ι. *Q- ΙΙΙ
41 16641194 96479144 17119941464914119 494449.49194499.11 11
444 16677101 93191144 17114114 1641101117 ι01411144 191100191 17
44 4699616 96166111 17144149 46196971 491469149 49449614 1-6,
44, 46144194 91444161 1741944411964171 1111464117 4911494179 14

469696196116166 ¹7²13009 580953.15 191479164469496161 14

46991116 96441174 ,714414479414199 4944797146619946 ,

.- 1701019196149179117174199176946114 191469161 16711916 E
17049161961111311 17491196477944166 194461191466414146 11
1767611196446167,17441.9147694616 19144991411119119 49

47196194 96114199 1744919471941111 1114496114 164446119 .-
17,1,1116096110191 1749964474941119 191494117464469144
§.Q-⁶221 98515093 1741961474949166 194796144161646147 7

*mu-umm-

11111116 93101191 17411177474994174 191416171466667111 5
1711911193100191 17441174474941146 19441116917976969 4

——n-—Q-

17171117 91494111 17141174 Μ soff& ffi ’ἶ
1710711196490166 47471171469464194 11144916 47776949 1

h—-fi—h-——u—-M—-n

¹7³³ffi¹7 9⁸485082‚ 1769971 4619911116 19144946 47661667 4
17164161 96460177 17641179 467116116 19414967 174177194 9
ΜἫ

41
49
50
71·
41
11
{⁴- 1719119196110194 47441179 47197916 494411116164644119 6
’1
4
4

411

 

