ι 0499119993·144941111961644941144.

J 1176471 91111414 31116446 16691491 11761499 ’4791446414 60
111149191147161 1641971161161411 11711647 1711611411 99
1169333717 34493417 6641696499 1467134444 1746641499

0
Ι
2
ἶ.
4“6
5
’ἒ
7

Μ ⁸⁸ 99331437 9331679 69366446 14711447 6791644 5'4'
,1 9941441144 4114 9471411 191411 171741 {z

¹g {VWB-²⁶3⁹] ιῐῦἒῐ ἶ41ἶΓ4ἰι ὦῖἷιῗσῖ W ἱῖ
γ ιι 343ςῖἷῖ 43454243 , 44ζέἕῖζὲ 343644 '⁰⁷²³ ⁶⁹

¹² 1616111694111146 34747144117419439 1171944 6769694441 44
3 {6⁴:230}ss 93321086 34466191197993.16 1671 496 676366.66 47
1994111144 34494439 697371414 16763416 676119474. 46

¹5 111414119619679 9111797 6171494117 11719619 17199611 41

1 ¹⁶ 3617699199199413 31911436 6969644911 1974117147 1717114101 94

,9 3⁶ „a ⁶3⁸² 11911437116416474 117111476177691497 11
- ω · 9411111 3966149696666449 1167119444 Ι1796464134 41
.·... 91791119114797 30055·⁴¹ 69694649 64 674441444 4ο

*G-——h-Qi———Q—--n

4 2¹² 111164391177191 39464.94499464.14 1674319944449419 ‚A
,6 99,- 11179 1171111191 17111 196111

Q

14 9644746699191414 3911997 69914996 1674164499 67466916 36
²5 96114176 94091196 3619413 694991466 1417417466 67346946 39
{21 46141· 14 91111111 1116479114711119. 19741914617161191 94

²⁷ 96766191 941741711 39196414 69411691 ’1117441479 1744164346 33
16 46791199 9411641116 39969446194194119ν167494ωι 6736944641 31
Ι4119366141116941111141 39397449 6944441493 1147466431 1736164163 91

λ {⁴} 9111141194941477 M ’ἶςῖεοῖφξ Effusa] 2'7'553‘3'0 93

μ 670⁴: 19 99041469 99414466191644.’99 ¹07⁴900'9 ⁴7⁴⁶4'9·05 ι

33 ¹ 33³3·ss 94909174 39491449 193116499 9447949361 67164739 67
4 146 91999109 39969491 133661411 99799994 67164494 66

11 16741111 9114611 1911611111711491 167149149171141191 11

96 36411146 91977461 39996446 691971417 16799973 691647119 44
37 3643949191966194 39666149 69139667 16796919 67144777 13
4-6. 16166414 9-1-916-1-11 39666.1169414ι’.49 1147977493 67114446 11

*ΝΜ-ᾗ...-

19 9619947196949449 1969671494 zm, ¹0⁷589'295‘271049087 u
66 {wa 66364Ῐέ6 377ξῖζῇ fflw'ffl :3237 67649939 66

41 96974166 91914116 39794443 691144496 16764767 6764994
141 1711371 91911111 19111411 11117146 447619471171117·

171441· 94 ,1

‹ ’97611474 91111491 39199496 19661994 4447664476 66916971 11
46 9764617696479417 39969464 1994411119 11767766· 669667169 14
⁴.⁷. 4711917791619144 39963441696664491 1147649471 6694741479 1-3

, 46 37196474 91444494 39997419 6964617444 1677411114, 1691744416 11
49 47164179 91417177 46636449 6494674117 1167714977 669679411 *11
E 37196446 96416496 49964.69149996461 167717431664443474 13

91 3761744196416.14 46991441649946441 16773944 46464467, 3
71 47144160 91664141 46131414 6491764646 1417791446 66449491
23 Q Q Q 1419674116 1977614114 1916699441 ⁷

14 4719617691741461646199479644797441 1677774649 6641694316 6
11 47111177 91771177 41111414146141447 167799111167911141 4
46 47491179 91761191 4666734144346463 167461. 47 667717496 j

47 47479174 91791414 4ο361.19144131. 96741996 66796469 4
zwmfflwwffl:

49 47444169 91719116 463644Ζ 647716416 1674464446 1671394466 1

x⁶0 9141611 96711499 44464. 64776169 11714144711194171 0'

Ε 1 64

 

