, 0144141466,141141411111141841141811111. ’
4418111114, Ι 1499414113441114 Ι

ο 4117174 74444444 83949496 449474416 41044473 44447411 64
¹ 64144444 76484474 81949414 4494444118 414174.61111448.44 5⁹
’4 6434634 76367443 84114613 11943664 13464631 14346664 33

3 6434699 76448134 8444847811896637 1346364413341684 57
4 641674176441464 84448444448194444 414648419444117.44 5⁶
2 Q 76440487 84418444 44814191 4147444417 41410414 34

6 6441636 7649614 8444684148764681 13473638 8884494744 44
4 1111147114 11411 111141 111411 111111 11

u———n———t-*t-n———Q—--q

9 64479449 76414494 14417491 41811179 01ξὲ61 7111119 11
1 1114114111 1114141114 114111 41111 4 =

11 64844477 76379164 8444643188184404 180948401884948484 48
18 14867498 7636684 8443643 11846644 134947411 44387644 47
14 64890489 7634644 8464633 81889647 8399894143 44484646 46

*δ’-ι·- *¹*— ¹-
13 6461644 7634644 8464613118114477 1810484681847119400 48

46 64614464 76444444 8474644448041444 41441694 4447444444 44
87 64686479 76488464 84736117 187988441 41448646 44466684 43

-ὴ-ῂ--ὺ--Μ-ι--ᾕ--ι-

18 44471.9174444.13 4114617 4471741411 41444649 4446411474 44
11 11888 1181 : 118811 4111111 81814 8

41 6474848176444.36 8494631887707446 4314167314443647 89
44 64767467 7619634 85006040 11763614 13144619 13449641 38
. 48 64789483 76474468 8143634117468488 43148666144444444 87

‘n-——m

Ι44 6481699 7613683 83144,43117499.6ο 1313161613419644 36
· 48 641861 76434497 831368411743638 13114668 14441974 88
17 6488641 76446488 84447.ο4117361.4ο 831378.43184487.46 34

ι- ..ιιι-ῃ.

47 64878144 76497414 8313711611749647 888480488184884448 88 “
48 64904488 76478437 833463411714698 181448441184011489 81
49 6494668 76449149 83347.77117133.93 1884711404 184019487 81

“Qum-n—

. 334464711748494 431448474 881976390 80
4 8444639 48704641 188841489 1899444419 1

11 64044444 7498919 1333914 44687641 41464681441849484 47
84 68414444 7816498 1164913411414647 41463641 1447111144 46
88 68088488 78946406 8363648 11674671 13167641 14371636 48

³⁶ 68077441 7894481 8471637 4164764111 1347464314366614 14
87 68099480 7890444 837413.84116643.34 13173648133611444 43
81 64441448 74889446 . 11633634 1317769613334691 44

89 64148466 7887631 43341,34116444.13 131843.8613314689 44
80 1811847178184416 8191644 44619661 44481679 41441494 40
41 6811747178881440 8398697 81634616 13186674 888404497 19

--“··Μι-ι-

⁴² 11108418 78118448 86111637 41646673 131944474188881409 11
48 68181419 78798446 86464.19116191.34 1319367614349613 17
4-4 18178494 78778448 86114484 8861444447 838968481888147440 J}

48 6817849178780480 8616631116444471 134498488188898474 18
46 68198448 78787481 8611641114987447 1344369818814440 84
47 68810404 7878488 8616693114919447 1344661118809144

-ΙΙ ¹¹¹—— —- m ...- ιιι-..- 4-
48 68844406 7469144 34317.6811383611 134141. 16 841040478 11
49 68864408 78 84149 86968,4611378641 13413644 884989413 18
43 68886409 74661447 8641616114714494 131167.63184987478 ,13

81 68408480 78644448 864713.ο9114646.93 13444689184886447 3
84 68480410 78618441 8634694 88347696 43413616 88488687
88 6841ι---114Ὴο9 78604489 8637684114411.ο4 13446643 14478641 7

88 68474408 78888498 866467111344616 13134677114744419 ’1
88 18496106 78860480 8667664113374134 131334114881680493 8
36 64848443 74447443 8614669113347444 134367434144649471 4

..η-4....- mmm—nunnun-

37 68840408 78448418 84133.34113139.79 13444691144478.44 8
48 688111498Ἢὲ 8681643911417614 134434433881817441 ‘²'

..Ι- *mu-*Qu

J} 68818494 7849444 86877461143144448 1344147481 884476484 ¹
64 68608490 78470196 8691846811343684 13434634 84141631 0

m

149

 

