044045440044441444344441444464 Scantiam.
¹4¹ sinus 1 ’10474441844044 Η ¹

0000 ⁹⁵⁷⁷*- 4444 44444 44444 44444 4
0 04444000 40001040 1404070040 410444ος4 44

4 04070014 47001040 04004440 44444444 40404414 44444444 57
4 14304007 97001034 14040041499099014 1040404 4 444446474 46
J 04444004 40444001 04017044 4410070 44 00404104 4404444464 44

6 44464444 40417000 04401400 44110οο04 10400041 402414οτ4 44
3 44444474 40410444 04004044 4470070ιο 00404040 40 044 14
mur-omma 44440444 44744464 404400447 4444444006 4-ι .

*μ’

4 04444444 40404440 04044400 44004047 1004004404 40400074 44 ·
10 04474044 40441479 14141000 491104011 104046460 4464744444 50
ιι 04704444 76444467- 04070494 444610444 104444446 401444440 49

,Α 4-0 04444474 76744444 14404419191190414 109111477 407041411 61
- 13 04441044 90937040 14444414 494714040 104144040 407014474 47
¹.⁴ 44444444 44446444 04404010 44404444 00400047 40070677 43

‚¹5 16014444 90911009 11196090393710094 10117401940110091 11
46 ¹4⁶⁴3·5² 46744470 0440474 474074444 1013110401 40476444 44 .
‚¹2 44444444 4640474 0444070 ,440740047 10411414 40440004 41,

’10 10109ῗο51 ”m 11419111 991 11003 ’ M 104119091 41
19 1471009 90194131 111Μο139139037 1011111016 404391444 46

00 04740007 40117001 04444404 44404000 0404010010 4044410044 40

:z 444444 444444 44444 4444444 ,44444 44444 4,

04 04441447 46141040 04074464 41447401’104044044400007444 40
:z 0040 444444 44444 4 ,444 44444 44444 44

X ²7 04744444 gasan 04761464 41106444 404066476 400744444 ³3
:3 411444 ,44444 44444 4444444 444444 444444 44

40 04041400 90114070 041044ἷὲ 41007444 4444040004 49944044 4ο

’ 44 04066446 90107447 141704 101740 407077414 491944011 0
31 1109403190100011 11913014311741037 1113301019 3914ψο44 0

44 044004190790011 04744411314114476 104414447 1910494901 07
44 44440467 4071447 14714477 414104444 1444444447 497004444 46
7077 404 06446477 414464404

46 44046474 90770440 10041444 414704444 404446464 490746444 44
4 4444 44 44444 444444 444444 444444 :z

40 44447470 76741440 06470444 414010411 100111ῖ103111031111 :g
44 04447466 Q 06404444 7146444477 404476444 344414077 ¹9

. 46706477 06444444 76447744] 4444444477 49407644 44
43 11404094 9071041 06064460 740706404 4444744111 494647416 ¹7
44 04444446· 76744477 06076474 444474464 4447447477 4940444447 44-

41 11400019 90704049 10417010 91910664 1044074474 47076777 ¹5·
4444 44444 44444 444444 0

Υ41 044444414001044 00404044 4714414444 44444044· 44147044 n
144 04470070 90074440 06440446 4746444444 1114444040 491040404 n
40 14000010 40007440 ’00414444 477444044 004447444 44004οι40 ιο

44 04601474 76660444 0644444477444444 1044440409 Ι13094
,40 04647404 96640444 06449466 776707447 1034034413 740037 1
‚53 44644417 90044404 46476444 4760614447 404474441419404076 2

’,ἡ

44 0471400140444460 46647474 474147464 004474444 4144444444 6
44 01701014 90040000 40644404 474414444 4044144444 41447444 4
4 ᾖ 14709040 90011003 06674444 474947464 404474.40 4114447470 4

47 14797060 96644444 menumquam 4474047446 41764οι74 ’4
fi ΨΜ 0074047474074040 004400040410001010 0 ,
49,

401191004440 46764474 7746 7414 40444444 416774444 ι

00 1411109090491441067744444-77414444 4474074641416774477 0 ’

 

