- Canon Sinuum ,Tangqntiuhu & Secantium.

7
ι

43 Sinus, Ι Tangens. Ι secans. Ι

4 0 667996474749.47 93177777 707746767 7467477Ξ7 746677797 60
7 66777777 74777777 97309797 70779449 746769. 9 Ι74676770 79
² 66747747 74097766 93460734 7077717767 7466067944 746946777 76

*FU—*flunm— ’ὖ-ιιι-...μμ--η-*Ήηι

⁶ ⁶⁸3²7·37 73016.23 93771734706667744 736977766 746474777 74
7666007 ψωωωηωιψψπηψωςη
’ ⁸ 6136764 71976146 97681774 70674779 1771170746 746764747 5²

9 66661707 71966767 93747776 706677776 7167067764 74677797 5-i
¹0 6647779 77946767 93796764 706674747 1377717774 7467777710
2 66444770 77976777 94677777 706997776 747747766 74677776 43

7 77696766 73906777 706469776 747760777 74606096 46’
6 7 77676794 93967707 706477774 7777777677 746046779 47

1674117773 747677770 41
137443171747766777 41
1374811797 747777777 .⁴.⁰.

6 nnn& 060010776 1706674669 w
17 66666747 77697749 94497776 707670744 167776747Ἰ 7747647749 36
·²3 66667767 77677747 94970777 70760667 137794176747766766 47

13767770 7477477 67 ³⁶
7 77647746 94670747 70766944 13766797 6 7747497777 37
7Ι 7767746 94679776 70767776 1377077 0147477747 34

mmmmmm4fi
737764760 749464777 37
747677767 7474777797 47

ιωψυηωωνῇ
¹ffiwmumm⁶w
7 479467 07 7497647 96 76

hu-

9073 71477764 97067747 707794.οι 1379747776 749740. 97 77
³4 66979767 77477719 77177764 70974779 1767111733 14709676 76,
35 66440769 71437114 97173776 7479077794 1660717773 1777777767 77

— ῌ’ῴ *Q -u-q— μ

3⁶ 66967796 74417776 97776777 707070744 138088077 1470177749 74
³7 66964707 71397777 97764770 7474449770 1631777474 74496777 74
³⁸ 69004777 77377707 97370777 7774666709 17676773414497796 77

³⁹ W W ff 704677.οι 17170477774477477 7-7
w⁶mw7mwwquwwmss¹wwmufflmsw
4¹ 69067777 77476767 94704644 49479496 7367677744 144736051 ¹9 -

n--F———n--m-——afi-

41 69066774 77796777 97767706 7046407 746376767144741747 ¹⁸
43 69709777 77776767 99679474 704764770 7464771744 744696749 17
2 &mmmmmommwwmntmwuuwm9ff

47 69797. 47 77746740 99779779 704467746 746444747 744679744 17
46 6977747 77776776 99764794 704400799 746497794 744966777 14·
fl wwumwu9mm³mmn¹mwuummtfl

46 6977947 77776707 9769699 70477 704 13677077 74447676 11
49 69747747 77777766 99977747 70477 744 73676664 744444779 11
73 69776740 77173774 96406779 70479767 77667774 7444977747 12

5¹ 69777776 77777799 96064777 704097704 746666776 744447746 9
'5²wfflmflmm &mmmmm mmmuwmw⁸
74 69479777 7707776 96776774 γ7774977769 746743764 7447607 74 Z

5⁴ 69440776 77077777 96747779 704 79.7 7467777766 744776797 6
v mwmnmm fflwmwmstssnffimsmmm 5
76 ’6946709 77014776 96444777 704794744 746660747 7474779747 4

77 69404704 77994777 96400747 70494404 746699746 744069797 3
[⁸. 6947496 77974746 9649697 70467467 77694647 74404746 7

·οὶ“7ῖ’771“7ῖ77“7ῖ7“ι“77Πῐ7“ῑιῖ“’7“7 mm?
w⁶wm⁴mwst⁹mmvmmoe1mmwummso

u———m—-q-p--h-—Q

H · 146

mmmm-...tw

 

