j 63411611 3414611141 ‚ Tangentium&8ecantium·{‘'

17¹¹ 84141141 W .·

0 4443714733430143130473103 347044146 1044614144 3471430136 60 ·
ι 13464144 43641147 3060414 346744144 10437434 3417143146 5¹3
,4 4949440 44613144 Ι30436163 3464041176 10444710 311340140 4

-’4 1941Ῑῆ 97-617-41-4-1 46161141 110017111 104147111441041194 {J
,4 ,144411414410014 40700144114710114 104101141440741111 41
j 49376143 9444714 Q 3443911444 4017413144 3404111314 3-4 A

· 43403103 94474130 30763104Ι 3440431114 1041644116 3470049131 44
'¹ 14411144 91470174 40741111-41471144 104114144 449711111 43
v 1941410194411117 40117171414414141 1041441014404471114 L

Μ

“ 44447143 94444160 10419147 414041160 1174144130 33414144 5¹v .
19414144 94744101 30491143 3437113134 1114664170 33440 ,40 ,30
14441111144446113 40914140 4141111171 104674111334414134 44Ι ,

11 ’14470140 94117111 40444117114047140- 104641143 3341711131 44Ι
- , 1979617994119111 49967111 411714146 104690196 3374443191 47

1441114 94401199 41040141344041111 104704141447110144 44
“ 4961134 44493136 ’31047174 344744114 1174719134 336904144 44
33 1970417194444174 31144164341391144 104744179336490146 33

11 14747144 01471107 41141144 411014104 10474111Ὶ 1411711111 41
14 1070414191417143 41171144 411744140 104747177 444411114 41

11 114404174 ,94410109 41141114110071147 104711179114441147 49 ’
n 49444146 94441141 41174111 419741117 19477611 4441714144 34
1 34306116 314444194 10478416 444714114 47Ι

17. 1’9917144 91491190 41414141 4111171111 104114111414474104 441 ”
40011104 91419117 41411144 41710400 104141170144111174 41.
30044144 94340144 31447190 317441147 104443130334444104 31-

31 40070114 94471119 41111144 417144144 10411441 44144044 40
311 30096134 97368194 31461166 4166461116 1014666143 ’3362441144 ¹9
30146106 44444111 41193144 4111417144 104171117 441911144 ,11

44 ’4917441997447141 41644144 416147106 1014441141 ¹
44 40111143 94746164 ,11637144 314477144 117444114434144147 w
4910911691417166 31649146 414441140 1044011131441044134 14

&⁸—

39'30320·¹⁶ 44441144 31417134314444107 104434144404413137
40 30347144 44443444 31414194 313371134 1174949161 3
10174110 44104104 41111101414111140 1114919144 41401114 ,

44 Ι317110414194166114 31914107 414441141 19496404334411160
⁴3 30434104 44447130 31444113 413047101 7174474143 494614104 ·
⁴.·⁴ 4041117194144144 41474114414713117 104444144304313114 f

4414041114401144111 41010141431434141 111ἑ19ὣ111 Ι11101474 i

41 40169144· 94111144 34106144 411464143 1114017174 41714340 11
44 40497144 99104104 ’11131144 411141144 1040471411 3464471110 11
50 30644144 94194113 3417443 310444110 197047136 3464311149 10

44 49144161 441461431 41101177 4111441114 Μ 9161Τ171

47 ,1966619 91177141 ’41144144 410111141 1174067146 44444411
53 3070714144144134 31447100404414144 104076191344144173 7„

44 90744166 94114144 34444111 4046331414· 104044174373333194 4
44 40764194 94140144 34331144 4091 131 70404667 343064144 4
ff 3074110493131144-30363134304931174 10410414637477171113 Δ

5 90414149 94434194 34394134 304644164 1031461446
5 39646136 94143164 34447166 3176374169· 1041961471 41

11 40174104 41114114 ,11114141401094111 101141119444101171 1,
⁶0 40901170 01101111 41191197407101141 104141111444101110 0

*ww-—

. 471

 

