Canon Simmm‚‚Tangentium.& Seca'ntium.

Μ

69161114 71141111 16461111111444114 1111111146 1444444164 61
61416116 11111177 1611111111411111 11111141141111111 11
61167167 71191111 16611117 16111114 11111111 14116111 58

’1 61111111 11171111 16711111 10117111 111111161141111114 Z
4 61141141 71144111 16714111114411111 11117111, 144711111 5⁶
J 61171111 7111117 16141144 1414141111 1491111414 144719111 f!

6 6141111171111161 1611617 111111114 111141117141646111 44
7 61611117 71711111 9616111 10111191 119111174441111161 11
Ι1 61611109 71771144 17111161 1116711111 11911911 41609197 41

1 6911111171711111 17171111 W W ffi ἶῖ

11 6167417171741161 1711161 1911111111 119101116141111191 11
11 6161116171711114 171 17111111111 1194471911 141410197 49

11 69716111 71641116 17144174 1111111116 1191117140 1414111101 4-1
11 0171111 71611174 17111144 16111141 111114111141111114 17
22 4171111 71111141 11111111 10171161 11111611114111111 44

14 6177111171441111 17414161 1111671117 119101191 1411091ῖο 44
16 61791111 716111 97471141 101111119 13961191 141116171 44
17 691101717111114 1741114101119146 11967111 1441111191 41

amffiffiffiffiffix
1 11111 111111 1111111171 161111 111111 1,

11 69111116 11111111 1171641111111116 11944111 14161141 17
n 17714471 74417441 7714477 111111144 119 1169 1410111117 1
22 6994111171467111 97171117 1111761111 119911141 141161116 3.⁷. ,

14 69966114 71447117 97117.14111116164 119961116141911111 46
14 6111711171416171 1741414 111147114 1411001119 1411111414 35
44 7111711171416114 11141117111117116 140041117141141104 14

17 71111166 71111111 11111144 11111114 44001111141711161 33
7 1111117111 1111111117 ....„, 111111 11
0’.ιιι-111..

16 70090111 71111111 91161171 1111761174 11010911 14161111 ζὲ
3¹ 71111167 71414166 1111141 1117111144 14014110 1414111161 1
3⁸ 7114114171114111 11414111101641119 ,11111111 141117141 1

’1170119114 71161111 11441141101113116 Ι1011100141141119 17
44 71171117 74144444 1147174 1111414117 140161119141411119 16
35 7111411174114.ο1 11444144 1411461111 1411404101 1414111111 11

9- *- ιιι-ιιι·- *⁶⁸* Μ Ἃ ua
³⁶ 70111110711114641 11614.,91014116110 1404 110141419119 14
37 7083600! 71181447 91670479101 7113 14044160 141377110 ¹3
38 7011617171161174 11711111111 1117 140114114141111114 11

1-1- ..— ..ι-ι· *η*- ῄ-Ψ *fl*— 1-

44 71177141711411 11711167 1111119109 1111101111 141191111 11
⁴0 71111111711111 11144116101170117 Ι10001171 141111114 10
mm„ mm, ·717144,1,111111144 1410646117 141114141 14

44 70161414 71149441 11471411 109991194 ι19717117 ’41111191 17
⁴4 yoghfll 710'9401 99073, 100935n20 1411707171 141014411 16

1-1 7046114170917117 19104111 1007110111 140910111141117161 11
49 70414106 70116117 111611111 1101 140971100141174114 11
41 61 71116117 1441111110011147 141011177141114144 4-4

““ ¹¹—- *Ἢ hu— Ἄ·- ..Ι
5¹ 7011111170111116 91477177100114197 1111011116 14171414
5² 7011119170171101 19111466109160111 111091140141741161

⁶⁶ 7⁰⁸5⁴⁴5¹ 91191111100191107 141114117141711111 7

. 14 71411116 71114141 4141144 1011149164 141171111141611114 6'

11 71617116 71111144 11714144 100191111 141116111141617141 1
16 71611111 71711111 11717146101111111 141117111111414114 4

’ *ῃψ-ᾝἨ-ᾟ--η-,μ

17 70611194 71771144 11114111 1011174164 141191110141144111 3
41 70669111 711411 41114171 1011116141 141111111141117116 1

“ 41 706901171711111 11141114 1611111111 14111114 11141141 1

1 7171116171711161-111111111116160100 1414111111141411116 0

,1

 

