Canon sinuum, Tangentium & 81696ιὶ61133

91911170 99119169 31491199309911199 119146111319616110 60
1 9011911199 ms 31914119919164111 1119196119 91941191 9
’1 3099919 936 3466 39336436 363166491 9113966419 31364 446 5

ιυ-ι--ι-ι-ι--ῇ--ᾑ--ῦι--ι--Ι

,3 30934163 33179469 39339143 366936933 1091ζῒ19311346ηι 57
4 31011134 93663163 39696466 3163343399 1631 466 39943931 96
5 31643.3393166.66 32652085 316939463 tomeun 391163463 33
69106911499091199 91619104 909991131 11911614 911171190 94
· 91099119 9914119 31717114 90964319 109116119 311991· 10 93

31111194 9919914 31949114 11994191 1091161911190644 31

ἡ..

9, 3113633 93014149 31931.63909048166 109132110 311011131 91 ’ 1
16 31133499 93119136 39313433 30474911 16914114 3111736173 90
31913486 93016119 39346491 36449111 109196119 3111491166 49 ’

¹² 31133199 ⁹⁴⁹ 111 31878433 364131933 109166193 310163193 43
13 311614119493111 3933336 36393333 96393333313336η3 47
14 4111119914196161 ,3343163143393 11919341 41961969 41

:a 3131633 349691ἓὲ 31373363 Μ 9ἓ91963ξ9 31931011-Ξῖ 49
ffiffifflfflmfflfflss

118 9199911194141199 3919994 ,mmo 11931919 91149916 41
19 91416116 94999141 491141113646739 1119936169 911191113 41
,1-0 91414148 94914116 ’33136133 36933311 109347194 317919178 40

91481109 34919111 33963949 36143396 109997136 917641199 33
11 31909169 namt 33116193361136.69 109367143 317361164 ,9
13 31937190 34 6173 33933493 46636336 1119379163 9171184184 37

3 ffiffl ffiffi 109311493868-091-96 36.

19 4131119914191141 99199199 9111919139 10111801 11111171 ,11
96 31636.1134339.99 33331.96 3611993491 Q 316194191 ’33

“fl-*nunnu-

11247070 94866119 33361191 93933931 109413149 919978176 ,33
ssmmffimmmss
Q *u- n

91799149434131936 33499131 16944936 11944913919ἑὲ4193 20
‚. 331,ῑὲ3 „atita 3332„ 933393 333339 361939 93

zffifflfflffifflffl‘
3 99919919 9199993999949991

36 31899193 94776484 3363339 mm„ '05511001 31391
37 31119110 9476196 9968611119683831 1113391434 9131481

-Q

2
fffflfflfflwwfflff

39. 3117661 34943197 93991190 196139141 109941114911911116
90 11101111 91999161 3931

4
ἓ

4ἑ 3111931Ξὲ &aba 3994919194990191 10960414131300199
Qfflfflfflmmm„
31116197 9466493 941141171ἦῇ3 16963ἷῖ M 88
mmmmmm“
1 1

“mm—*mh*

ἐξ , {tgaegqfflaw 3⁴¹40r¹9 mm„ 96349919 909909169
3·ΜἪΜΜΜ

94’ 8319911 94618133 34933163 93913311 1636339434 318991166
99 91419· 94199111 3413119191933113 163363. 319491111
,96 31446178 9498963 34369166 99139336 163313. 3198933109

{f 3:²3²·ss 94580023 34331118 1911461190 109790134 907939190
· 11110118 91919190 1911991119 11994196 9117699119

ῌ--Ι--ιι--Ι--ῇῌῌ

ἑὲ 9191911 994496111 4446693 nnuma 163331149319419119 =
· . 93113 33439996 9904111119 1097611οῚ 307199139

 

