01001811011111411114011000111111111τί01111

ffi ngens 11111101

- Ἰ0 4414711119174140 41774111104040141 111160119111117111060
, 1 4416411619166111 41109117104179140 111174191117911114 Ἰ
-1 Q Q 4114414011471101 114191171117111141 7,,

. 9 4491414419141111 41111144 1114477104 1414177161 1177119116 47
4 44441116 19111144· 41917147104416144 111414144117474144 46
÷2 111071711Μ 11111111 1111114171 1111491711 11714011 44

41 4191119119101171 41919149 6114114140 111474116117404114 44
’ 7 4401010411711111 49014147 104 74119 111471104117169117 44
,Ξ 4401611611777114 49061161 104114117 111416191117044147 [².
⁹ 44071117 11714111 49097171104674141 111401111111900104 1
¹⁰ 4409111119711111 49144116104414164 111411174116764171 40Υ
'2 44114141 19711111, , 49169197 1111176114 111444167116641144 ,4-4

11 4414014119714114 49106110104116114 1114401111 116 ’1111 41
11 4417616119711191 4914
Ι11 144101171197110111ἴ 1917

14 44114117 ξ9617117 49414144101779194 111491144 30036167 44
11 1171 11111 711111 14147 7101111477 14
'fi mm 49-11-’1411111-01414-161 fflffl 41
1 1111117171 1117101111 11114011*

11 ΜΤΜῘΜΤΜ 49411711101190111 1114444176 114199164 4
⁸⁸ 44411140111101 4917194 Ι101744141 111610114111117141 4
⁸3 444171461114111 49604111101494191 111614194114044144 47

-ψψ-ἠω-“*-”

1 1111, 111111 111· 4 ’14111 1111111011 44
¹⁶ 1171110119717119 QQ Q Q 74

Ὰ--“

17 141116719111114 17719117 1011111101 111691144114411114 14
1 414 7171 19119111 4971414 1011111144 111707161114477170 11

1111 &imvm 144 49141416100461197 1117411104 1141144114 10
4. 71711111111111011170 119411 141117

11 11097110 19111111 49917117 1111 1141 111711171111714111 17
14 1471411119441144 4011041444 4191 111104191111414111 ⁸⁶ 1
11 4474119011411144 4001911919940146 111111114 1144641111 1-1

16 1177419111117111 10071117 1411141144 111117111111111111 ²⁴ ι
17 4410119119401149 40111166Ι 1994411141 111141117111104174 11

3! ΨΜ Q 19010771 1010112970ὲο ’,1,
1 01111101 9111Π ῖ111111

41 ’449111019147114 401941 -191117147 111944144111449104 11
11 411471 19114101 10441111141114117 111971191111410119 ¹⁷
4] 4491111719110191 40417167,,,191910104,114911111111011410 [ξ

11 11711 111111 m 111111 1141141141 1
23 44 117919171164 404771144911109141,111017149211917141 2
ἕξ 14017171 1917111110114114117411144 111111114111711171 ¹²

4111117111141141 40110111 19714144 1111140141 1111611117 11
5⁰ 4111111111111111 40416161197110140 111047100111441160 10

-ὓ--Ιη--ώ- ,Ι h, ..1

44 413414719199174 40741190 14711077 111144117171011147 1
fg 111114 111111 1111111111 1471·ἒέ 111111 1
41ιί 194614111 111111171110141111 -1
Ἰ41 44147111191171114 4019911 191444164 111199141110410171 j

'¹' “““ “““““““ '’¹¹¹'’- ···.··-.·-·· ··-,-,-,- -ῃ-
59 4117111111111114 10914191· 146401117 1111161011 1111194176 4
‘⁰ 41119101 11100111 10111144196161104 141141161110141194 0

161

Μ

 

