, Canon 8191111111,Τ11199111191118481189ῐί9161.

W* Tangens. 3119119 ἱ
..........-.1. ·

0 19791417 97114476 11199469 ,479469491 191134107 {modi τῦ
1181998191 1977 79191 1119917411 4

9 1117641197796411 11146411461411441 1911114117 4799117491 17
4 11914497 97791141 1117741146771991 10111914147191919 16
9 19994441 9778941 41497471467111414ν 191469478 4777119419 66

μη*-----..νι-η---ιι-““

6 49961486 97778494 41498414 466498491 1911714164 66199 14
4 11919181 18811 88811 1118918118 8
0 0 6 0

9 110471169776999 1161944 46489494 191191431476119.11 81
10 1117146197711416 11119416 46114417 101197471474411116 10

44 1119144197741499 11619.77461911.1 191919491479199449 6
19 84116949197799444 1169141146116748 19191791 47196949 47
94 ,4148994 9774911 14681467 46441949 191919447 4719994414 ff}

19 111117.7797719.11 11711419 4699714117 101319191 4718111111 ⁴5
16 ’1114641997716199 11744499 49994619 1013861411 470671196 44
.¹.⁷. 4147446197719.79 11779496 49948919 191941488 4701141474 41

·-ι--.

18 11999494 97794496 11899464 418641441 401849187 469416160 ⁴²
19 41991446 97691496 1189999491991419 1111999487 4611791419 41
49 11919488 9769919 1116444 497961417 191961498 466167448 ⁴0

η--ι--ι--ῌΙΙ-ι--ῆι-

11 ’,119884199768999 44894496 496716414 1111968499 4676491411 ³⁹ ’
14 41141647197679479 1194944 496991411 191419444 4116919416 86
²3 »444491197671447 41991499 91417476 ’01111196 1116106411 ξζ

1411479499 766741 41986441494816498 1911664611 466669166 3⁶
ν 19 41991494 76699 14946494 464196498 1111999499 466974417 ³5
16 1161οι66 97664171 11947441419967479 194491.61464469.64 34

8 188ζὲ 1888 8189 8888 1888 888116 3:

ιιι ιιι-..ιιι- nan- 5—- ΠΙ &nunu- h-——a ‘¹¹'
99 14649496 9761969 14469447 49947949 101417499461911.69 80
91 41671496 97619499 1449999 ⁴50500'72 1411494496 46141741 19
91 11799476 97616499 1414994 449834,44 1914441418 46981949 18

J} 41719419 97619467 41161.9444119.44 191447481460111416 δ
94 11797494 97604496 11191497 44 9494 1111464146 419610170 16
35 117114999799140191911111 4⁴79ss⁶,36 1411461410 4690111474 ²5

1ι-ιι·---ιι41ι1111---1ι-ιι--ι-.,...,,-,“·-·“-’-ι--.““··“----’111

96 1111441197191418 44444449 447174448 101467176 411 11119 ²⁴
17 111411719798499 14419419 44676979 19147449 497 48464 49
91 11871110 9717 497 4444974 44644919 1111411411 46711944 2

99 44899418 97171469 1444449 44444949 19141789 41669819 11
49 11917486 97966419 mum 4449491411 1111444449 4161140160 10
41 11996414 9711919 11199441444997464-101601419416461134 19

νᾳ -1--1-4 -ιη ...ἢ .- *Qn- ·*ἣ-ι- 1-
41 11964161 97994446 41999497 44979499 1011117499 464163444 11
49 11019499 97947496 41966194 444199491 101614161464177109 17
44 11941137 97640469 11997411441994499 1111611416 413691119 16

49 11969.7497994449 14647469 444996441 1111611409 46810910] 68
⁴⁶ 4199841197917411 11698417 4441999496 1111614484 461617130 14
47 44146448 97111498 11688419 4414749494 1114141.6949194741144

·····-·- ··*-—- .-
48 111491197114494111719144440111464 101111111111111114 11

49 1111111197101149. 11799499 41911976 101119411490791419 11
9 Q Q ²Q Q Q Q

5¹ 1111 94 97491496 11111419 41141994 10116174 4496111414
94 4446499 97489499 14144489 44779947 10197999 4119061119 6
.⁵.³ 4449966 4741444 4117444 44744744 111111417441497171 3

64 1194949197476411 1199994 44664999 1111989419 44791119 9

16 11919497 97469161 11911467 4160111199 10119604 1147199498 9
16 Ι11981474 97469411 1496919 49949164 19169189

- ’97 4144997 97496469 11994494 494878466 101606471446616111 3

’19 11466476 9744911 13111918 44971946 194649. 99 44949198 ι
· ⁶⁰ 11496441 97417191 14916481411147499 4946911449 444941419 9

177

Μ

κ

 

