Canon sinuum, Tangentium & Secantium.

Tangens' * Secans Ι ·

6,, 801111 8

0 10491189 99491118 109101

1 10481178 99449114

1 9914961199 100990181996677111 60
10889183 9487811189 8011888190 9848886188 99

446 10969114 916141116 100196.99991411.10 44

1 009900
4 10168186 99839186
5 101971489941618

6 1061614199838179
71mm3mww
8 10684119 99417119

-ψ-ιι

9 10719118 99414148
10 10741110 99411196
11 1077110199418114

11 10799194 99411109
¹3 10818186 99488194
14 10897177 99408179

ω--ια-ἱ-ὺι

u fflwsswwffl

8 16 10919160 99401146

w 000099

18οΜ09ψωο
¹9 11001194 99991189
10 11041116 99989169

11 11060117 99986148
11 11089108 99983116

n mmwwmm

- nunu-h*

u mfflhwmm
0 mmmmm*
16 11104171 9997011

--——-

ἐξ 88888 3332323}
²9 1119114199960147

...ιι-..η-ιιι

· w mmvwmQ

3¹ 1111911199919188

33 1110710199117117
3⁴ ¹¹43509² 99843198
3-9 1146418199940161

..ιιι-ιη’...-

96 1149917199887118
37 1181116199338198
ss=mm1mww

99 11980140 99917110
40» 11609119 99914189
11618118 99410149

ussffivmmae
43ssfflffiwwffi
fiummwmn

0 mwuwmm
6 mhsswmm
szQQ

48 11840140 99196199

49 11869118 99199110

51 11917104 99186117ί
11. 11911199 99181170
119841 81 99179. n

11019168 99179174
11041196 99171114
11071144 99168171

iffi ᾧῖσῖῖῖ
11119119 99181189

-OE——u—

8106 99198116
¹²1 198 99188181

, 11178146 814494164 100790199

mwssmwm¹wmwmwm4n
10618108 94090984 100969110 9461111196 48
10697190 998906169 100966141 949610199 55

1001611111711111 100169141941011111 91
10716144 994194190 100971196 998497198 94
1079170 94099946 1110179170 999996181 91

1079119 918098101 100178181 9884811106 88
10804161 9199917149 100981.οι 990916199 90
10844109 919016117 100989118 918417149 49

10869148 910919164 100988199 917911141 48
ιψηιωωω 000909047

¹mm4wmw¹wwvmmm4fi .

¹Qm8mmffl mmmvfflmm45
10981111910649164 100601114 916119180 44

11010166 9081101194 100604199 914699149 44

11040110 909788167 1110607198 911191100 41 ’

Μωηωωωιωωωωωηα
11098199 900981161 1006119109 906919181 40

11118134 898998149 Ι100617140 90487188 3
188818 88888ῗὲ 8888ῖὲ8 8ἔὲ1888, 81

11118179 8891910108 100617111 8978811196 88
11146119 889189109 100690140 8947911181 88
11179171 886861106 100699170 891881181 34

889-1191-87884991109 100697101 89018967 E
11494169 881191186 100640141 8879011119 91
11964109 8799641146 100649164 8811818118 11.

11999196 877688174 100616197 888167111 so
11414104 879414161 100690191881117161 19
11411110 879171198 10069966 878879197 ’18
‘’¹¹''— κ·- -1--ι -h—-n 1-

11481197 870990177 100697101876691199 17
11911144 868700188 100660199 874497166 16
11940191866481114 1011664177 87119961 19

11970149 8864174179 800667119 8700401 1 88
11999187 861078149 100670114 8867888189 ²3
11619199 8998911410 100671194868988108 ²²

11618189 897718148 100677199 ,869118111 11
11688141899994.19 100680177 861979101 10*
11717180 899401171 100684110 899140169 19

mwwwmm mfflmhfflm5ffl
11776148 849117171 100698108 8849981819 ¹7
11806118 8470116191 1119691119 811889119 ¹-6

¹fflmssfflwn¹wwwhww⁴w
11869118 841799141 100701146 8411707111 14
11894178 840709119 100704194 846691169 19 ·

11914118 898619119 Μ 8819166119 H
11994178 846994148 100711199841911109 11

Q 334495,57 1110719144 8140461186 [⁰.

*mn-u&

&mmmmm mmffihmmsg
1149888911 837ἲέ28 864884
mn 7 ΗΜΛ 7

*5-
,1119818111 9191 811811 ξ
[ΞΕ-4081144984 10079666 818401171 4

nmmum ffififfi ‘3'
11119140 818970141 100743·81814117148 1

*Q-— “fl

11148199 816997186 1007471181

Μ-

811199191 1
810990190 0

811

mm

s

 

