(319998111191111489939116111918789911111181.

0 1717164 8117111 71919177. 1411111111 111117714717474411 11
· 1 7791147 81 8111 79964111 141796141 1111911199 1741711171 79,
1 77491119 81881181Ι 79197149 147698111 111117117174199197 71
9 77499111 8186111 79179189 14174987 ’111171111 17411717] 57
4 174711918184131 79194199 141461171 1111177198 1741117176 76
1 17471171 8111111 79117171 11117161Ι ’1111111114 17111147 71

9 17171196 81 76 79411169 1419111911Ι 1111791197 179691187 11
10 17191111 1174111 71111111 14111917 111117111171114111 10
97 77619146 8177111111 -79498169 141846164- Ι111971111 179711147 49

11 1714111111714141 71141114 1417191114 1111177111 1714111119 41
17 1711711111117171 71111111 14117111111111111141714911111 17
1-4 Q ³¹⁶⁸⁰·⁹⁴ [1119431111111111 ,11111711 17111791 fi

17 77714171 81664111 79679191141496179ι 111471174179166167 ⁴5
16 17798117 81647116 79716164141499147 111477199177197147 44
77 77761199 81670116 797691991141911111Ι 111197119177414114 23.
18 77787176 81611176 79899197 141171196 111118176 1799 9191 11
19 17811110 81116181 79847167 1111147191 11111161 17191191 11
,19 17881111 8118011181 79891199 1419611198 11117187 171919196γ 43
11 178ἑ6196 81161180 79911191 14997419 1116941116 1718491197 89
11 17811168 ξ1148147 7997817814988711 111619147171169111 98

17 1710111111 ,1119168 71911177 1498119199 111614119171698144 37 .

ἦ 7791811181111178 71441171 14971717 111689117111617.74 7”6 ,
11 1791118111411111 71111199149617191 1117111171 17177711 97
{ff 1797111181479106 711111911149111144 1117111191 17198617 14

²7 17991111 ἓ1461111 71197177149479197 11117786199171416199 99
ἐξ 1131111 11771111 111118 11311117 ,1711811111818

μ, ι-ι-ι-ιι ffl ''hh-n- ..Ε-ι... ι-
99 78970179 81411111 71919191 1149194184 111871169 1711117198 ¹ 79
77 78997198 81994161 71979111 1491981611 111818119171174189 19
33 1811711181177171 71417111 1411111141 111811171171111177,,11
77 7814119181769184 71461196 Ι1799161164 Ι01909111 171894171 ²7
14 111111111141111 71191111111111174111191111117111971 ²⁶
77 18188164 81717191 71748198119764149 111969199171814184 11 .

Α 3⁶ 1711119111111118 71111197 1111171111 111911111171711191 14
8 1111111 111111 11818 1181781 1181111 7111111 9
.- 1-1-1-111 --- 1-1- ---... -1-....· 1-1111-1- 19-

99 78189117 8117911 71717197199411191 119961197171777194 11
49 18796187 81141119 71769111179791171 117988161 171196179 19
41 18799119 81117191 71817119 1791111118 117114191171416191 79
41 7871411181198197 71877119199164177 1191499717171174 11
Ι49 78977174 81191197 7199114117 9174 119167189171198117 17
44 78491116 811711991 71747177 19 994191 119191117 171118199 16

„nu———n—b--n-n—-Qh-——n-

47 1841197 81177149 719891791181118176 117117196171119179 17
, 46 1894117181149149 7197187198817178 119147117171999178 74
47 18471117 81119179 719719617879146 119169199 1711111111 ¹3 Ι

11 189117711111111 711111711111141 111111111171111114- 11
- 49 18119196 81989196 7116617917816144 -117799174 1711887161 11

77 7876617181971199 71171191178198169 1171711161711746100

71 181 1111 81998116 71199191198117191 119997179 1796771711 8
77 7819167 81911111 71949161178119111 119414146 1711698166 7
.- -1-1 un* m ———.. 1—-2— dun—..- ιι-

74 78617114 81994116 71987197178144178 119479144 1701411110 6
77 78669189 89987119 71491117198969191 1194716147 1791171160 1

1118681111811711101 71476113117171111 1111111141 1714111111 Ι4

-ι-ι-1ι·ιι--ἡ-ι---ιιι.-··---1-ι

17 18797190 80911· 71711191 1778911118 119718171179114181 3
71 1877114111191118 717111411741971 1191141 79 1797611177 1

ιιι-ῌ-Ηῌ--ὴι--ι--ι--ἥ--ι--ι-

19 11714111 11911171 7119181197711111 1111111111 1711111111 1
69 18778117 80991179 71674116197698119 1196961811 179199116 9

.-.............. 'G  111

1

 

