§anon Sinuum ,Ἒω79964999696999996999.

,“ 64739 9ἔῦ 2¹05&ss 4ῑ44ἷ714974449ἰ4 :east mmo 47 60
’ 32:⁶² 33:75 39496. 96 *gad 9366369 {aaa {3

9 9999949 ..97997 4999. 979 99999499 .996769499949949 97
mm 9999996 49967 7 994699 99 99669979 97999999 96
7ύ99.94· 93469949 196793ηό 77797689 55

, , 996796 79 99197 94 94
⁸8 ..9799494 994799 99 53

9 99999 97 9994966 4977679 97799999, 196797. 97 994969. 99 5¹
99 94979 97996...- memo 999699 97 ..97999 99467 9. 99
99 7.49 9999979 4469969 999999 99 ..97999 994996 94 49

- 99994... 9999999 49669 99 ..99946 999797... ..9644974
ι. ’..ἑ.. 66666 6666666616 66666 666666 ..

,6 , 9 9967999 699969. ..7999979 .79· 99969699 979996. 69 55
99999.. ..9 996647 9 49999. ...7469 .79 , 99969947 253¹ 7. 44 44
77 ’,999763 97976. 54! 77979 34 979763 49 1⁰⁸865555 99996 .999 49

“ 19999964964. 4996669 232597040 996977... 997977 7. 7.
99 :59' 997 9967999 ..9999 49 .9.... 9999969997 9996447 49
ιο ,3769799 9969. 69 53155079· ;

99694469 9964999 9979. 999969767999999... 999994 96 ,97
..966999 99796. ..9 49994. 9 999499. 79 .9999946 9999496 9
99 ;9966699 99767 99 ...9999 J

’79794773 99779946 “vim 474966. 76· tomum, ,mgb ,77 36
ἶῖ 6277664 33ῗῖἕῖ 233223? 66ῗῖ36 66664 6696 ἒὲ

97 79979496 99749 77 99477 99 9999949 99999979 9999997. 99
6969 9 9799 9999 79999, ..969 9999 9 ,

’79 779777. 94796... 7776. 47 447 47 nom-*55 '255755128 79
39 9799449666 69970 47999. 9749 ..77 9979777. 99964647 ⁸9
99996. 99 99669. 49999 49 9996499 99447977 97974997 49

99 ..99949999 ...9 49999... 99949679 99996994 99999947 97
66 6666 6696 6666 66696 9666666616 6

99 49994. 9969999 49 9979674999. 9999999976 9499644. 9.
49 4994999 wsb-6⁴³ 99994 9996697 99996967 449 74 ²0
49969. 94 9997799 799... 94 997996. 99 99999699 99999 99

49 4979476 9994999 4994699 99769696
66 6696 66666 666 3: :tm

47 4997467 99999.. 4.......9 ..796999 49997949 3¹²⁹?OE .9
9ΜΜΜΜΜΜ9

49 49994 99 994996 444999999979977 99999994 94769966 u
49 49969. 94 9947... 4447979. ..997994 9999996947 94764994 ι.
50 40407· 75 994799 47 4497974 94677777 imum 947477. 46, 10

51 79777. 76 99469471 44904993 :mom , 6,,47 .
{3 assptgffissff a:mg⁸²²⁶ffl73 5327· waviuss 7

,99 4999496994949749 mistum& 999974.99946697.99 6.
99 4999979 ..49999 7. 99 94697. 99999979 946 66996 9·
96 49967. 9. 9949. ι 4999949999669 99949799 946.99779 4·

97 46949 4799999499 77474 79 mum! 997799. 76 94694947 7
5⁸ 4969694 9699997 99 mmmmm 550435031 476949.σ6 ,4

9999647 44499... amm ..777949 usum ιί ’

99994. 94 -9744999 994699. ⁶⁸ 999469. 69 949699. .·93 ο

,167 ‚ 166

 

