-‘ 32 1798744681771101 1117741

Canon 8817771497, Tangentium & secantium.

79 sinus· Ι Tangens Ι 8977777 Η

9 17464487 98489477 77647479 767478418 797747467 777877497 69
ι 77494446 98477471 77667469 766167499 79174981174978467 59
4 47444444 47471444 17647469 767797416 791777419 7777117474 f}

-..ιιι-ι-

7 77479477 98467478 47777469 86416161 1111111788 1781141111 57
4 1747344 41449419 47744464 74477444 1311744447 ww} ἔξ
5 7779494 98477444 77787479 7 84411 1 5 17 77 8

unu-*fflsswfflu—ffl-

6 77746467 98879447 77847474 8618861111 10187801170188160 5⁴
7 8789 8777 8777187471 8777714814 8

9 77671478 98444491 77997476 771777494 791789497 767477419 71 ·
· 1ο 79671471 98479487 77977448177617116 101197111 766188181 5⁰
11 47679484 98474471 44 7767477474 797699477 767617484 49

-n-u-——n—

'¹² 17791447 91419476 17777474 77777667 1111697417 7647914411 47
18 17777479 98414449 18977489 774879477 797677444 767 89497 47
14 17961479 91499474 17971491 77791749 191616447 76777441 46

14 {Ei-'³3 111174τῖ1 ὧῖιῖξῐ ἶῆῑαῖιῖ M ff 2}
8878 8888 8787 31⁹2 88778 g] 33

11 77889477 98788479 78474498 779764446 791647489 779777479 47

11 17991414 91717477 1444441 74977694 191647417 77771744 41
1 74141947· 19164166 77747747 49

διε-ιιι*- -ιυ--ι--ι--ᾶ--ι-ι-

²¹ 17966497 91777486 71764474 747747488 1111674496 776694469 7
²² 17994469 91367468 78797479 746648417 191679446111779479 7
1-8 78977479 91467449 78474446147771477 797664487 774877476 37

-——¹¹-—- —0—-OE-n-

²⁴ 1191147191777414 11174447744177417 19167997 1777774116 76
²5 78989477 98777489 18487479 747967497 797677477 7771711479 77
{2 48199474 98746464 78447477 747977479 797687476 817797474 4-4.

¹⁷ 11177474 91441476 11447467 747171477 1416411464 77174679 33
11 78166447 91746491 18474474 741799496 19169749] 779468447 77
18 48794497 98779479 18794487 749479497 1447697474 747694497 71

,Ξῖ 18883488 9181848 18888490 88 881471 10170408141760488 8-0.
81 78777477 98779478 7876749977 77478 197798477 747189477 1
8-1 78719477 98714487 18794498 7717897447 4977444497 747974447 ,7-

11 11797447 91499477 11674417776747479 191777474 7461674414 77
84 78447497 98794477 78674478 746969494 7917774οὲ 747417. 3¹ 76
87 78466474 98798488 78684478 777196476 79774947 744468447 11·

³⁶ 11777477 91144477 1171449774747417 1919464449 74464794 14
8 888141 4814438 8818 814818 8818118888 2³.

88 18489491 98777444 78894487 777777449 197777494 74199944, 77

*ΠΙ--ῑ--ι--ι-ι-

⁴0 11197447 91171496 11144477 77974794 191777441749444.44 79
4

41 78747447 98766467 71867497 779989478 797767 9749446444 79

91614ᾟῖ14ῑῖῖὶ 9111ῗόῐῇῐῶ ιῖἧσῖᾶῐῖῐῇἦῆῐῐ

47 14794414 97177417 11777474 771777471 1917774177 777771471 ¹⁷
44 4444474 97179446 11771446 777171477 1917111469 74674664 ΞΕ

’ ,W 98747494 18987479 776747477 197786477 796777494 17
17619498 91779461 19917171777819477 791791494 77779479 14
11799476 98774477 19047417 777948499 797797. 78 774486479 [8.

17747417 91711471 19976497 774711476 79713477 77467714 11
1794494 98774479 19196477 777797416 7978 487 777871467 11
18797477 98717481 19176477 777766447 7971744 74 777948469 13

*a* ”unm—..-

18814484 9874744 19166441777744478 797879479 7777414ἓὲ Β
48877447 9879646 19796464 779944479 791877418 18114 64
18889498 98197477 19176489 7711197471 1417847477 77977474 ..⁷-

...ι-ιι..- *n-fi-n— -Ι

71999474 98794487 79176496 719497464 79714744 778877447 ⁶
1747744198199476 17117417 71141977 7177747491 71197917 1
18766467 98784417 198174811 7176711477 797148479717149470 ⁴

ῃ* *ῂ- -1 fl

11998118 81179188 19847141116868411 1771884444 7764748 3
¹⁹0¹3·79 81178480 18177466 8767178477 1918694 17 71767788

κ--ι-μ--ᾑ-ψη-,ὴ-

gg =905u34 71161476 19497414 71777977 19116971 7141119477 ¹
9989499 98161497 419471494 714477449 79787768 774914447 ⁰

Μ 179 1

 

