Canon Sinuum Tangentium & Secantium.

ᾑ-μ-*α-ιι--ι-φ-αᾱ

Διΐ-8899199999 Secans Ι Ι

o* 9919990090 0 Infinitum. 100000000' Infinitum. 69

'⁸ 1 19199 99999199 19194 949774667191 199999199941774111191 99
9 4898 9999998 ’9811 97988791999 19999999 97188744894 98

“3- -67-87 99999196 ι’188-18914999919194 9999199194 88499997147 88
4 99696 9999999 196496 899496 648 99999997 8994968896 96
1 , 5 949444 99999189 149144 687948 699 19999691 6879499966 49

Ῑα--ώᾱ-Ὴ--υ-ῇ--ι

86 174191 99999114 1’74191 9719971194 99999916 9719919169 94
7 109161 99999179 109961 4991969998 99999991 4999979699 99
88 191971 99999179 191171 4997179796 99999997 4997987449 99

--ᾱ-ῡ-ι-ι--ψ ..n—-u--n——n-fl·

9 96689 99999466 161989 9899794998 19999694 9819799998 5¹
9ο 19689 99999191 199119 1447747974 1119999141 1417791619 19
19 91998 99999149 819198 9999919679 19999691 9999999679 49

-μ--ωι---α--Ηῇ-

11 1949196 99999199 349107 18647779149 1999999969 1864794799 48
99 978919 9999998 97896 9644467988 99999679 9644496899 47
14 497414 99999117 407119 1499919899 19999689 9499947699 46

μαι ...ο-*δαη- ——n—-au- Μ--ι-ῠι--Ἀ

17 496999 99999109 496199 1199896696 99999999 9199898499 49
16 469141 99998191 469141 1148976618 99999698 9948999489 44
, 97 49499 99998178 49491 9999987494 99999699 9999919699 49

..qu ——u-—K-Q—u-—n--l

98 99469 9999869 97469 1999841664 19099147 1909868944 4²
91 1198 18841 1184 8191981 11118 186181 1

88 ’ξι-9969999888 ’ἆυ-987 9697999999 ΜἾΜ’ 99

19 49799 99997199 69996 1961991697 1919911119 1961611194 18
. 19 669194 99997176 119199 1444699691 1119991114 1494611669 17

*Μυη- “h-mu...

14 698114 99997996 098114 1491979697 19999644 1499496699 44
19 717911 99997199 717118 1979974468 19999669 9979110894 44
96 79646 9999799 79699 1999984694 19999686 1999999999 44

-ιι-’.ᾕ--ι -1—-—--—,.. h—-n—h-..- ,-

²7 785039 99996191 419149 9179114769 1101191191 1179191619 94
8 888 8888 4893 ’,8998999 8888 9788917

“Qun-unum·- mne—*-

30 87669 9999699 87669 1949886991 10999989 1149499699 ,30
91 99674 99999494 99679 9998999999 1009174196 1198969699 ⁸9
11 919114 9999664 949117 1974164944 Ι00094111 1974911984 19
99 999191 99999199 99996 9941799448 19999469 1941797449 97
94 98999 9999999 98699 9999969694 9996484 9999198479 94

199899 9999689 999894 9989179496 19999998 9899999644 ις

*Ἢ--Μ-ἣ-Ἥμ

4
ι

1047988 99998188 8047414 9848947991 8008808948 98494789Ι1 ²4
997697 9999499 997699 9999114899 19999999 9199486487 99
999999 9999989 119649 994699997 19999699 99468696 99
99 1194144 99999196 1194191 1114997119 1100911144 1111491411 11
40 998999 9999999 196961 89 997997 1991196977 89949666 191
49 999669 9999689 119679 89 494647 19999799 8984947494 ¹9

manandum-uu*- ————-—-.—

49 999679 99999944199999 818479499 , 99999794 818991498 18
¹⁴3 199677 9999698 199688 7994841499 19999799 79496849 17
844 997487 9999689 197998 7899644419 99999899 71997496 16

ρι--Π-ι--Δ-ω-ω--μψ-

49 199896 99991141 1999197 7699999199 99999897 7699699144 19
46 1111199 99991194 1111117 7471416191 19999999 7979919199 14
⁴7 ¹3⁶7·¹! 7494644 196796 799489699 99999694 791498679 18
..- ...ι- —u—u- ...- --1-119-- *nn-...- -1-1-9* -
48 997699 9999999 949694 796999799 99999479 7164999999 99
49 1419190 99989184 1499449 7019994969 19991996 7916947439 99
9ο 1414119 99989141 149494 6879098171 10001998 6879799199 ιο

ιι- -1-9- 1’Μὴ-πω. ...- ·--1-4-ι *¹¹⁵*— ““1-“- u-
91 9489448 9998899 948664 67499864, 99991699 6749999799

99 999696 9998849 991679 669994797 19999649 661199799 8
99 994969 9998899 994684 6489849674 99999689 648697669 7

-ι-ι-ῠ--ι-ι-...ι--σι--ι-μ- §.q-..mm-

94 1979479 99987966 997999 646967499 9999964 696649699 6
99 997689 9798799 969699 694 99997 9999969 6994979993 4
96 969899 99986979 969999 61999699 19991997 6149199499 4

9-1*“-ῇι-ι-υ--“ι--..υι·ι-Ι.--“-

978 969799 9998699 169899 6199998649 999999944 6991496974 4
98. 9697997 9998676 968799 999698799 99991494, 9917499989 9

-υ-ηη-ύ--ιῌ--Μ- ffl-—un———n--fl

99 179499 1991917 1716449 9116117199 1991114179 9111 79149 1
, 69 174994 9998477 174999 979899696 99999994 979986889 9

119

*mm-*mm

 

