Canon 8191111911,”19919411119718489999ῑί119,,

OE'w Tangens Secans

0 ,,,16111111461 11171461144446, 16971719 11111711· 66
1 19119, 8199191·17 11117,99111469,71 11179419 8186111179
7 949441689914711 118171181999Μ9 1117181111 81668 ¹¹·55 98

fl**——*·--n “m

9 19179 99 99144 94 11167ι11 898699. 49 19976· 81 814766 48 57
4 11111419916116 19996 98 846679 94 991769 49 811848 69 96
9 17449 98 99996 78 19496, 11 894796 47 199769 99 819949 74 99

...ῃ-ιι..- -Μ-ικ-’.ὓ--ω

6 1946719 99111119 1111761 81114796 1117717411911111 14 ,
,1117119911919 1111111 1·1991111 11177949 19793919 74

1111174 79911716 ¹007
. 111471979717719 1117117111141911 1·
50 ,,479. 66 6911174 111771179111614 111717111111411 50
,1496716 99111· 11 11 111· 19 79141711 111791, 19 7997141149

..Ι-...Ε--ι--ι-’.μ-ᾑ &DQ-..4⁸⁹

58 ,9947479911147 1161194 79198191 16979179 79787191 41 =
¹8 1796711991171 1161ι114179711, 16979899 7914111 47
14 1999994 991141 19111 7878949 16986999 79411111 46

ι9 111199199111149 19791 61 786664 94 16689799 79119719 49
16 9964879 99196 81 11791· 97 78414791 169869 69 79199171 44
17 116776199191111 1171171711417,9ο 16611444 71171111 4,

19766469918744 9181919 78669919 169817 ,8 78799119 49
11719 41 99119 74 1181786 77 855 55 166146 44 719111 25 4,
776416 9411169 11169 55 77794166 ,66144 75 785555· 55 50

ΜΜΜΜΜΜ,
:555 5:55 ’.1·1 3555 55 :555 5 1,,-11

ο-ιι--Π- ..n-...w

,1117916 1911711 1191771 7699179, ,661491177111766 46
11908161 95¹⁶5557 18017141 1879761116 1998497977468991 99
19947 79 99199 6· 94946 9766469 84 166847 52 77996176 94

796669991171· 11176 ,1 76471771 19119711771111117 11
11114919911111 11111,17761119,11 10085555 7111147 11
1991987 9914818 1914766 7619 ,97 99789964 767816 ,91 35

11111611111441 1116719 7191771· 111161,99166111·76 30
999874699941769 1419484 717871, 79 16986777 76444779 9
99119 49 99198 19974 44 791796 966876 69 769799 99 9-8
11 11·11,1199111,11 11191ιι1171411691 16697711, 11111716 17
14 11117, 1911711 11111 11 711119 71 1111714171111141 16
11 1119619911111 111111171111171 1969174, 71771916 11

Du—-ffl-*u-w-„h—-n—

46 9499964 9919199 ,444489 74946714 199886,99 7161117111 14Ι
17 111417 991177· 1497,,467471·1971 1961167, 71141111 11
98 149499 99119 84 144979774611817 19989498 711 ²57 11

-5—-5-——5-50--1———1-—2 ...Q-..Q—

55 11111,11 9111797 141176174171199 166191,69711191,17 11
4ο 1444696 9919619 9446119 7417174 16696197 7499719616
11 111779 9111111 114911· 71111171 1191177111114111 19

...n—..ammun- ὓ--ιι--ι--Π

1· 191111· 1911111 197194 7116791 1911191174614166 ,1
41 1111741 99111111 11111 ¹5 71791119 11191719 74471 ,11 17
46 1141617 9919011 19979 77 74691716 169917 84 74414 991

„n—m-h—-m--a--E

55 116811199911ἓ611696 19699,,·4ο79478699 19999189 74999799 55
88 {3853} 885⁶ 5. {3⁶ ,8888 88888888 1881888811 8

11 8171181117·ιῆ 11891-11 1111711 1119111171111111 Ῐῖ
55 11111111111111 117,791711441,14 1119171171117177 11·
91 116ι71719111111 ·1717,97 71117119 11111111 71171711 ιο

5¹ 14618 05 55062550 1478711 71949787 166949,96791971,99
11 11111119911191 1111619 71171717 11191111· 79111711 8
91 1171964 9911191 111,169171111411 11191417 7191194617

αι-ι-ι-ιι--ιοι-ι--ᾐ-ι--ι--ιι--Ζ

14 19744 41 99111 94 1487619 71966716 99999814 717966, 96 6
. 11 117771 99141· 94 14969 86 71919496 1911961,99796644,97 9
5⁶ 538555.0 1114111 11111, 49 71719797 1111611171411199 5

w—-n-——m-—n-Q-ss

57 1419789 9914891 1996719 71697796 19697741799919,46 4
11 11199 71 9911411 1494776 714914 61 166974 9, 7,,996 55 5

19 11188111961186 1411741 7191411911 19997164 79999796 ι
11 191171611911 ,11 14119711 71119797 1191776171 9171 ο

C3 . 187·

m

 

