Canon Sinuum, Tangentium & Secantium.

39¹ Sinus ΙΙ Ta'ngens 8191111ΙΙ

46199994 7771969 89978 4ο 119489 71 118679, 96 198991, 97 69
1 61914·64 77696119 8,191698 11941619 118796 18 198 44 52 59
1 6877117767797 819711811114191 118796. 6,911818191 98

-ῄ--ψ--ὀ--ι--ι-ἡ-ηᾞ--ι

³ 61999 ¹5 77619 61 81119 99 11916961 1187699911871018 87
4 61111117764111 111711411119111 118791191167169 16
9 69949 99 771196 81119 91 119119 19 11881918 198616 ,89 55

9ΜΜΜΜΜΜ1
· 1 11111111 1111111111 1111111111 1

9 68688· 66 77848186 81411 8ο 111899 81 618949778198999 99 55‘
80 68887 64 77888 68 8146118 11111986 1199 91 19 533 48 99
11 6118919 7711161 81999.981.1684,96 1199194419817691 49

86 6819991 77484148 81998.9111161111 11994199 198119 91 48 ’
1111111111 1111111111 11111 11111 1

11 68670188 77488167 81799 49 111198 89 868888· 46 88608146 48
69199 99 77419 86 8179199 11191919 868664 86 88798128 44
17 61111· 17 7719111 1119944 11114116 11919489 11791991 11

18 68318 98 77184 91 818499911117619 668668164 687662168 4ι
,4 61169117716911 1119114 1141996, 119116 41 197816 81 18 ,
6998999 77947· 86 8194919 1111199111 1868766711 88777077 4⁰

⁸5¹⁵ 6350555 77166· 176 8199 4,88 111418 81 828188 96 117714 79 88
11 6846610 77880167 8194914941118619 868848198 187616 87 86
19 6141987 77888166 819991111181411 868879·89817691.99 87

-m— *mm-Q*

55 614119177171,16 1,,...44441417944 9911971 14794711 5⁶
1 88188811 11111111 188818 11111 8

,17 69149.4617187·94 811871611111161 669808 88 817860 94 88
,8 6116191771991111·19711111119 ¹²¹5 ⁴5⁶⁰ 18711111 3²
²9 8998197 771899 81947411198161 821 1·64 11716887 88

,.-ψ-ιιι- “mm-Qun*

30 69697 81 7716946 8144964111999.79 86919670 187111· 197 80
35 6969916 77149 99 81481... 11119189 6961771 Ι17117 91 69,
35 6961179 7781144 81991.4911116691 868686·80887191,91 16

, 33 69679. 55 77196 91 8198991 11199914 829699.9411797.17 17
34 69697 96 85:750539 811441911191191 11971111196991,88 16
35 6971998 779696 816781111999989 829781 49 116996 94 18

96 6871140 7761611 8171919 119879· 11 869788161191881,49 14
97 68764· 68 77991178 81 6,19 119897 67 81961978 16968744, ²3.
38 8767 68 7708419 61191911979619 81984614 ,9677474 11

39 69899617649967 11874,19149644,68 1198194419671644 11
1111111111 1111111111 11111. 1111 1

41 68676176 7691999 89911,69119419.98 829971,48196991,44 18
,9 ¹3¹55561 7691117 81979 79 11917 11 81191188 191196· 91 17
44 6886618 76,99178 891199111999,1ο 8800141119644181 16

5⁶395555⁰ 7688418 891691111919949 199969 76 196987 49 ⁸5}
48 6996616 7686998 8911894 119169 81 6800971419699141 14
47 69988 61 76846 91 89161 99 119194 79 819118 78 11617779 ¹3

48 6491997 7681899 89916 86 1199197 79 88916918116171.11 11
49 64088186 76808171 699661911991116 880888 84 196168 79 11
50 6411966 11,19114 89419 47 111861 84 11911911 11611914 19

ἶῖ ᾖ 7Τ7Γ148 W ¹¹5¹¹055⁷ 3354 116919 81 ’ᾗ
..141991176791..141111971911 11918668 11699146
53 6411161 16191· 17 1116117119669118 119116·91191911,11 1

..μ-*Ἥκω*-

14 6484986 76714 91 8961998119998.66 199919 99 119896 89 6
Ξὲ 61118 1811 8181111111 :333331355‘5133 Ξ

--ῌη-η-ᾱ-η--η-*μι

97 6411188 7666991 89761,96119186.79 819448 26 8887448 8 ·
98 644941811641,89 89819 87 1199116 199477,,961996ο99 5

”, mm ῐῖῐωῗῖὲῧὶῐὲῑῖ, ...J-555 ...7⁶15 ’ἰ
1,, 6417616 7669911 819999611917116 11911171 81117116 ο

¹50

...-.-----·---------·-·-······

 

