,Canon Sinuum,Tangentium&secantium.

56 855555¹ 8847734941 Secans Η

Μ

o 27553. 74 96446, 47 43673344 448744, 44 4944733394 464794· 44 6ο
0 07490 70 96008 04 08067 00 44844896 0040 64 46040788 49
0 ·76ι964 96·οο 00 074740 4479774 ·0·047,4094446 ι,4ι 48

’-μ-..δι--ι--ι-ι--ιι-ῌ-ι--ι-ιι-ιη

9 07647 6· 96744 48 0876900447496 44 70404690 46769444 47
4 07674 46 960940· 08800· 40 44706· 06 ·0406474 4303977 46
4 ·7704 5² 9608498 08840 00 446846 76 00407446 466·0740· 44

-ι-ὰ-ὗ-...ι-ιι- *tunsum—annun*-

6 ·774· 57 96077 90 08864440 4464383333 404 004080· Ι9 460607· 25 44
7 7007 07770 78777 00770 774077 04070 7 04
777449 77 44494 49749 4

9 ·74ι9 94 9607963 08948 08 974406 79 004008 44 4499449 40
8 8887 9888 :55⁶ 5 5555 888088 5555 8

88 47899· ιι 9300947 09040 68 44430306 00409980 44344937 48
¹5 ·74·7,44 3360····4 0908903 4440 490 00404960 448074 6 ’47
44 9793447 ⁰¹3 52 097747 4444464· 404040 49 987778 46 46

T} 07 8· 48 09047 44 44408446 004060 06 44746· 08 ἶ·
46 4847484 949338· 34 09078 904447ι4 44 004 07009447004 8·
. ·7 080487· 04980· 69 00010 47 440470 77 ¹04¹⁷¹·⁹4 446647 08 44

08 48066 67 94980 44 0904404 447974 44 004087 80 446494 48 44

·9 44494 99 9497046 0907964 4476099· 0 060096 ·747494040 5¹
·²0 487494· 94964 08 09404 00 44444646 00400644 444487 50 44

88 48444944 9794800 0999880 94086884 004084 49 555255 50 98
44 78778. 35 9494730 09468 49 440404 44 004004· 44 44488446 48
·44 48406· 44 95539· 68 Ι999999 940896· ¹2 ¹⁰4²⁵²·²4 9948900949

89 484444 9993340 09890σὸ044997084 004040 06 444·84,ο ⁶
04 0806444 74906 09469 0· 449406 4· ¹04¹ 04¹·5005 5555 ··,4
46 48489 94 55515 55 0949989 99904849 Ι(8468909 98942740 98

03 0097 44 04336 73 30303 34 440679 48 304033 48 444· 4ι4 44 ’
89 8888888 88898888 08989 70 {gab-{204² 004889· ·90 888849 gg 88

40 08400 74 0438097 0960· 47 447494 4· 1009930 47744447 94
4· 064094· 947470 096709 333333 44704408 303404· 84··744 44 03
40 097 4· 0864607 9068 44687974 03128555150554 0

55 55455 ·4 94877 ι· 09706 40 356515 68 000000 90 44004944 ’07
49 55513 44 94· 86 2575756 556157 40 00490004407604 06
55 ·4948494 9784046 09779· 60 44480008 004780 94 440474 64 04

5⁶ 25555.45 ⁹5{³²·²5 098ιι 49 444444 43 00694000 44004674 04
37 55595 75 94 ·994 0940 97 47407· Ι04478 04 4476907· 04
74 ·46·4, 44 994794 4 098746 5555751·5¹ 004467· 00 44744004 00

99 08640 55 94807 09 00906 55 444477 0· 004436 09 94 4744 55
50 08 60 4· 94798 95 09948 04 555023. 25 004·04709 575 ι· 74
4· 08708· 09 94790 60 09969· 74 444669 97 004004 37 545552 67 09

44 487699 9478044 4009· 44 444447 46 004404 48 44494434
3 ⁴5 25 59¹ 94774 89 5'0055· 04 440964 44 004400 49 447677·
55 ·079· 77 9776· 4· 4 486 44060· 09 00400070 94794444 ·6

’ξ 55559 53 94747 04 90096 48 48οῘ6868 ¹04450 86 77698976 88
33 00877 55 55755 74 40006 5¹ 44904 74 00644000 4667074 04
4674 44 994099 400004 551565 4· 004449 ·7 4469647 04

44 ·0704 ·8 9774094 40040 78 440004· 90 004448 44 47798069 00
7 8749 777 7· 55²5: 5 47878 ·εο0 0 0000 ¹¹

- 40 ·0986 7· 9474669 4008704 90373334 3
5² 09964 94 98 683ι3 ·04 9330988· ·79 90980 464494, 55 354655557
44 09040 49 9469· · 4440 74 40984 40 00440444 44440944 7

44 09079 44 993688· 96 30352 32 909098 76 504513. 47 4449943ςῦ
55 ²90585¹¹5 55 7090 90404· 00 90879487 494944 84 4446696 4 5
5⁶ 0907 88 95⁶ 6944 50555 55 5²555¹ 64 9499446 444447 47 5

57 09048 70 90649 99 90477 67 408409 97 ιο444··44444009·46 9
78 ·9700 44 9464747 40409 46 97767 ·9 744994 44 94 44 9· ·

39 09009 44 94648 98 4044006 40740498 ι44994, 88 4404467· 5
⁶⁰ ²9¹570. ·¹7 94690089 90979 07 907084· 46 44446984 44404946 0

874

mmm-M ¹

 

