Canon sinuum, Tangentium 6946661ηεί1114.

5] 3141114 !Tangens 1 Secans ι

6 6714447 99619447 67464671144664444 16646149611147471494 66
1 674444499616.94 67764161199116449 1664644441144469416 49
2 677616699614446 61074491144496496 160467411 1149794446 411

agg-8¹ 11916ἒ6446 166469469 1146646441 57
4 444444 9444444 44441ἑέ 1667414636 6ἓέ61ῑὲ1666ὲὲ66 3?
6 6119444996114411 1914476 4446471464 M 1111911446 61
7 6916440 99601444 69444061444161411 1041404406 1141416499 66
1 194741199496494 Q Q Q Q ξ

9 1976444 99196411 90144711466441464 1004044411114016490 5¹
10 900646199996469 9044406 11649 416 1140407497 1110464491 50
4 . 1664144461 1166694469 49

9100471 1696614464 166414446 116944499 46
9160104 4694484464 166414494 1699 464 49 47
611091 1091777449 1004164491090447461 46

4 9166471 1666494414 1004144471091676464 46
46 9116404 1664616414 16644449616119441467 44
4 9447416 4611467444 166446466 16666614 69 46

“ 4 91764741677967.47 1664194971664999469 41
4 6 9466466 1674461.61 1664441466 1679111466 41
·1 9144410 1071461446 1004444601074641414 §2

ffl

4 4 99444741647644414 100417444 4074406499 ³⁹
. 99461464 999469 1664449949 166446447 4669464.94 46
64 9444444 4664494414 1004444041064664444 67

uu—..n———d

9410466 99966119 9444476 1647669496 1004464761061606166 ³⁶

ι 94ἑ48147999696449 946441 1644614467 &mog {3330ss ἓξ .
6 4

949747199647494 99104641646146411 W W ³3

9416466 99444417 9476419 4644911444 1004464901049664441 14

9664496 99969466 9616496164649471 1004644461046649404 60
961444499446464 9646446 16444 4.74 1664464494 1646166.66 ²9
9644446 99444464 96674641694444474 1664664161067077446 2¹}

9671444 99444444 9746499 1619144441 16647699 1066971499 ²7
9700·39 99446440 9446444 1646614496 16647961 1060666466 ²⁶
9749444 99444447 947474 4644944476 1664744461017616499 ²5

*ssssfflfflmfl

9746449 99444474 96014691619676496 4664 4441014769471 ²4
9767414 99619190 96944461616694416 1664664411011766166 ²3
9616419 99917409 9664464 1614664449 106464419 10167194]6 ².²

n-——ff-——n— ———--

9646414 99914· 19 96944461616794444 166466416 1614749496 ²¹
9674406 99611191 9944447 166766441 166491466 1614744414 ’46
9906106 99906146 9941494 1664616446 1664964991009794400 [9

*ψ’-ῃ m*

⁴: 9941497 99404444Ι 9961494 1661676466 1664964446 1666649469 11
43 9966494 99464466 16616471 996946446 4664994611664944446 17
44 9919416 9949976 40040409 996007· 44 100404474 1004014470 1}

4’4’ ἶῖο-41Ῑ1ἷ4966ἶὶῖ 1001-οῶ 6444446411 ἆῖοὲἶῶἶῖὧῖἷῖι ¹⁵

46 1004747499191191 100914 14 900411444 100406464 9941474117 14
47 1667669 99491466 16146444 997946444 166411466 994469449 ,16

-.α-ὴἭΜ-ἱ-ῇ--ῄ

46 1616964 99466466 16147464 964461466 106414447 969447444 11
49 1619947 99464414 16167464 9616441446 166417444 966741476 11
46 16169441 99461417 16446441 976617494 166416444 969914. 47 10

91 16194444 99479441 16444466 976669447 16641941 961116466 9
. 44 16441496 99476412 16474446 979147449 166446441 976441444 6
53 106604119947341, 16304460 9704440474· 1110919191 979979444 7

-ῄῄᾘ

44 1647 444 99476447 16994466 967666466 1440491464 97464444]
55 103011999467166 ¹⁰³⁶300 9⁶⁴93⁴075 1011666167 970101160
41Ι 46447414 9946441 1649446 96446496 166496466 967967496

47 10166404 99461447 104144 40 9494904 44 100441464 9611667444

49 16444. 199444414 16461461 9641116119 10064716 959332033
6ο 16444. 4 99444416 16416444 941496444 16644041 6196677441

C2⁴

 

