5

Canon 8101111111, Tangentium 61510111111119

5

{3} 11111. Ι Tangens f 1

0 1149141197437101 1301611 43314119 10163099 44414111 6ο
1 11111141 97411141 1111141441171147 11119119 44191171 19
1 11111179 9741191 1114191141111179 10114410 4414111111 11

——n———n-um——u—-u--n———t-

1 1111111197417111 11171176411419111 1016111111441117191 17
4 11611146 97410177 1111141410119174 111111101441111114 14
1 11116110 17404119 1114017411191111 11116499441711119 11

⁶ 1111111197197111 11171171 4197141411 10147194141191117 14
11111 111111 1111111111 111111 119111 1

-ᾑηῇα--κ-Μ--ῂ-Μ

9 11710111 97177171 11911174411111199 10169014419111117 5¹
11 11111 1111111 1111111 1111111 1311111 1 ,1111 11

--ι-ι--ῇ ——nu—-Q—*ae

14 11131.09 97317419 13414479 4163114118 101711111497911117 46
¹3 1116114197111114 13411141411791101 101710.1143710411 47
14 11191719734411 13911.17411139.13 10171714 43 39410 46

11 11910104 9743791 1314017 4146114111 10174417416199141 41
¹⁶ 1114111197111111 111771114141177 111741491411761111 44
17. 1117616197314117 13601119 41310409 101741196411114119 49 .

111 13004497 97317111 13639400 413019477 101716101434611461 41 s
19 13033.1197311.11 1361971 4114141410 10176309 434114131 41 1
10 13061139 9730941 13700144 41193313 10177017 413611410 40

11 13019119 97197477 13731116 4111164917 101777116 411019496 3
11 1311141997191401 13761119 410141196 1017114196 431119177 1
‚²3 14141.4997114.31 1379161410191431 101791147 41101οο90 37 ,

ι-*ι-ιι--ι-ι--η--μ-Δ--Ιᾞ--ι-

14 1117447197177111 1111146419711106 101791119411101116 16
11 1310909 97170114 1314110 419111.10 1011101471 43097713 31
ἓ 13131.3197164.ο9 131414 4116711146 10111016 4311411411 3-4

17 111391619117113 1391160 411117413 10191001 43993367 39
:3 111111 1111119 1111111 11911 1111111 11111 {t ’

10 13144114 97196499 140 ,17 41614941 101141.91411361.76 30
31 133711197130119 1403414 41199611 10114171 417147131 18
31 13401410 97111139 1406941411461401 101113191417330419 1 .

11 11419111 9711611 1419019414914141 111111911416114141 17
34 13417.66 9710976 14130197 414401.19 10117034 4111199496 16
31 1341194 9710193 1416171 413177419 101177.17 4117116471 11

36 13114.1197196.09 14191411 4133141446 101114111401174474 14
3⁷ 13141441 97119419 14113434 41111999 1011911116 414764101 13
11 111707197111140 11114114411101179 1911991141411417 11

*mmm-Quum..-

19 11119101 17171114 14114194 41177114 11190611414741117 n
40 13617419 97161467 14319.71411116.14 10191911 1111419943 10 .
41 1361141197161479 14346116 410731469 101911113 411711173 19

41 1361341197114491 14337439 410111449 101911141 4111191111
43 1371110797141101 14401.19419691.41 10193931 41171106 ·
44 13740113 97141111 1443901409111471 1019143403 411114401

41 11761119 97114111 14419114 4οξ111117 1111910131 41171111 ,
1 ,12111111111111111111111111 1

*um-Quum...—

16 1111111197113443 1416131407117107 101971417419111140 ¹⁸
49 11161139 9710649 14191910406616144 1111979471 41174111 11
139094 §mu 1411409 406107100 101917414 4111137111 10

μι--Ἦ-ι-ὴ--ι--ι--ι-ῃ-

11 1191810197091111 146149140119177 101994141 417744491 9 v
5² “ 11966111 97011461 ·14611477 4111091114 10300117 417141410 1
13 11194117 9707164 1471614414111190 10400917416761.01 7·

14011.1097071161 14747410 404011411- 10301646141611114 6 ’
14011194 9706446 14771147 4111177179 1110141111 41101141 5
*407913797067466 14609111 40107960 ,103031413 411194491 4

iffi ῐιῑῖοἶῐ 35'5'432'13 ἶίιῖῆῑο affl, M ’ἑ
14116174 99043164 14171401401074446 1030464141 41431939 1

1411119197016141 1491119141117171 0191411111 1
1419119 9701947 114941104010709 101 1111411111111 0

D 2 176

Ἣ

 

